0.9999996 0.0008738 0.0000858 0.0006531 -0.0008737 0.9999985 -0.0014716 -0.0007815 -0.0000870 0.0014715 0.9999989 0.0555976
0.9999989 0.0009866 0.0010994 0.0000703 -0.0009852 0.9999987 -0.0012417 -0.0016956 -0.0011006 0.0012406 0.9999986 0.1117258
0.9999973 0.0004386 0.0022789 -0.0007371 -0.0004371 0.9999997 -0.0006602 -0.0029967 -0.0022792 0.0006592 0.9999972 0.1675689
0.9999909 0.0001685 0.0042473 -0.0020124 -0.0001643 0.9999995 -0.0009979 -0.0039650 -0.0042475 0.0009972 0.9999905 0.2226791
0.9999905 0.0001095 0.0043566 -0.0021831 -0.0001070 0.9999998 -0.0005784 -0.0051556 -0.0043567 0.0005779 0.9999903 0.2775003
0.9999921 0.0004765 0.0039533 -0.0021993 -0.0004722 0.9999993 -0.0010688 -0.0064225 -0.0039538 0.0010669 0.9999916 0.3326047
0.9999872 0.0001017 0.0050532 -0.0036096 -0.0000963 0.9999994 -0.0010636 -0.0077277 -0.0050533 0.0010631 0.9999866 0.3872401
0.9999807 -0.0005162 0.0061977 -0.0052484 0.0005165 0.9999999 -0.0000554 -0.0084289 -0.0061976 0.0000586 0.9999808 0.4420882
0.9999853 -0.0015339 0.0052002 -0.0065071 0.0015299 0.9999985 0.0007664 -0.0094503 -0.0052013 -0.0007585 0.9999862 0.4976456
0.9999895 -0.0019161 0.0041632 -0.0091028 0.0019184 0.9999980 -0.0005463 -0.0093990 -0.0041621 0.0005542 0.9999912 0.5514607
0.9999955 -0.0020639 0.0021595 -0.0097503 0.0020654 0.9999976 -0.0006976 -0.0109025 -0.0021580 0.0007021 0.9999974 0.6070442
0.9999977 -0.0021470 -0.0002793 -0.0095095 0.0021469 0.9999976 -0.0004632 -0.0121902 0.0002803 0.0004626 0.9999999 0.6634150
0.9999994 -0.0003259 -0.0010187 -0.0106572 0.0003249 0.9999994 -0.0010330 -0.0129296 0.0010190 0.0010327 0.9999989 0.7190464
0.9999985 -0.0006593 -0.0015921 -0.0116711 0.0006576 0.9999992 -0.0010844 -0.0138957 0.0015928 0.0010834 0.9999982 0.7743542
0.9999974 -0.0011246 -0.0020020 -0.0127344 0.0011239 0.9999993 -0.0003166 -0.0151109 0.0020024 0.0003143 0.9999980 0.8299550
0.9999949 -0.0021275 -0.0023790 -0.0138615 0.0021281 0.9999977 0.0002432 -0.0166610 0.0023785 -0.0002483 0.9999971 0.8842459
0.9999954 -0.0010775 -0.0028263 -0.0153093 0.0010733 0.9999983 -0.0014898 -0.0171511 0.0028279 0.0014868 0.9999949 0.9405940
0.9999955 -0.0017570 -0.0024117 -0.0176910 0.0017517 0.9999961 -0.0021710 -0.0182797 0.0024155 0.0021668 0.9999948 0.9959351
0.9999939 -0.0013974 -0.0032217 -0.0188586 0.0013920 0.9999976 -0.0016953 -0.0193869 0.0032241 0.0016908 0.9999934 1.0500817
0.9999961 -0.0003042 -0.0027762 -0.0216607 0.0002958 0.9999954 -0.0030380 -0.0195989 0.0027771 0.0030372 0.9999915 1.1057647
0.9999933 -0.0006460 -0.0036021 -0.0227319 0.0006338 0.9999941 -0.0033801 -0.0211939 0.0036042 0.0033778 0.9999878 1.1607420
0.9999938 -0.0001014 -0.0035243 -0.0250906 0.0000902 0.9999949 -0.0031835 -0.0218535 0.0035246 0.0031831 0.9999887 1.2158937
0.9999965 -0.0009145 -0.0024582 -0.0282533 0.0009072 0.9999952 -0.0029627 -0.0218682 0.0024609 0.0029604 0.9999926 1.2704179
0.9999949 -0.0005848 -0.0031240 -0.0290788 0.0005744 0.9999943 -0.0033126 -0.0229987 0.0031259 0.0033107 0.9999896 1.3250947
0.9999886 -0.0019799 -0.0043592 -0.0302538 0.0019645 0.9999918 -0.0035282 -0.0247320 0.0043661 0.0035195 0.9999843 1.3812407
0.9999744 -0.0026427 -0.0066406 -0.0303135 0.0026227 0.9999920 -0.0030160 -0.0270817 0.0066485 0.0029985 0.9999734 1.4367071
0.9999700 -0.0024102 -0.0073687 -0.0314262 0.0023879 0.9999925 -0.0030306 -0.0281381 0.0073759 0.0030130 0.9999682 1.4916438
0.9999539 -0.0026221 -0.0092316 -0.0308714 0.0025974 0.9999930 -0.0026787 -0.0291713 0.0092385 0.0026546 0.9999538 1.5455931
0.9999427 -0.0031799 -0.0102187 -0.0318047 0.0031536 0.9999917 -0.0025895 -0.0302873 0.0102269 0.0025572 0.9999444 1.6007818
0.9999376 -0.0037457 -0.0105251 -0.0333116 0.0037087 0.9999869 -0.0035311 -0.0307860 0.0105382 0.0034919 0.9999384 1.6564537
0.9999345 -0.0036576 -0.0108457 -0.0347935 0.0036173 0.9999865 -0.0037253 -0.0319007 0.0108592 0.0036858 0.9999343 1.7113532
0.9998997 -0.0048079 -0.0133178 -0.0332852 0.0047885 0.9999874 -0.0014883 -0.0347617 0.0133247 0.0014244 0.9999102 1.7647994
0.9999005 -0.0048289 -0.0132593 -0.0344492 0.0048277 0.9999883 -0.0001232 -0.0361425 0.0132598 0.0000591 0.9999121 1.8195555
0.9998888 -0.0040749 -0.0143419 -0.0346390 0.0040832 0.9999915 0.0005472 -0.0371660 0.0143395 -0.0006057 0.9998970 1.8756019
0.9998912 -0.0031078 -0.0144169 -0.0360074 0.0031038 0.9999951 -0.0002976 -0.0378809 0.0144177 0.0002528 0.9998960 1.9300516
0.9998816 -0.0024345 -0.0151976 -0.0366160 0.0024361 0.9999970 0.0000909 -0.0393373 0.0151973 -0.0001279 0.9998845 1.9857115
0.9998967 0.0007444 -0.0143537 -0.0384050 -0.0007274 0.9999990 0.0011905 -0.0397039 0.0143545 -0.0011799 0.9998963 2.0413744
0.9999064 -0.0000693 -0.0136848 -0.0389676 0.0001385 0.9999872 0.0050564 -0.0415290 0.0136843 -0.0050579 0.9998935 2.0956967
0.9999317 0.0001559 -0.0116853 -0.0404958 -0.0000646 0.9999695 0.0078108 -0.0423226 0.0116862 -0.0078095 0.9999012 2.1510715
0.9999368 0.0013315 -0.0111665 -0.0407170 -0.0012070 0.9999371 0.0111471 -0.0429705 0.0111807 -0.0111329 0.9998755 2.2055881
0.9999505 0.0005051 -0.0099338 -0.0417763 -0.0003811 0.9999220 0.0124814 -0.0435125 0.0099394 -0.0124770 0.9998727 2.2601466
0.9999624 -0.0015547 -0.0085254 -0.0426831 0.0016447 0.9999430 0.0105522 -0.0437493 0.0085085 -0.0105658 0.9999080 2.3154461
0.9999694 -0.0003131 -0.0078186 -0.0431220 0.0003848 0.9999578 0.0091815 -0.0443445 0.0078154 -0.0091842 0.9999273 2.3691449
0.9999733 -0.0002414 -0.0073010 -0.0439676 0.0003064 0.9999602 0.0089108 -0.0449869 0.0072986 -0.0089128 0.9999337 2.4233742
0.9999678 -0.0009265 -0.0079793 -0.0443952 0.0009931 0.9999647 0.0083487 -0.0455763 0.0079713 -0.0083563 0.9999333 2.4776690
0.9999636 -0.0016882 -0.0083688 -0.0455060 0.0017500 0.9999713 0.0073792 -0.0463675 0.0083561 -0.0073936 0.9999378 2.5317965
0.9999419 -0.0012197 -0.0107083 -0.0460723 0.0013034 0.9999686 0.0078130 -0.0470091 0.0106984 -0.0078265 0.9999121 2.5859933
0.9999224 -0.0016937 -0.0123428 -0.0470483 0.0018024 0.9999596 0.0087984 -0.0475347 0.0123274 -0.0088200 0.9998851 2.6404018
0.9998991 -0.0019341 -0.0140738 -0.0478714 0.0020674 0.9999531 0.0094632 -0.0482326 0.0140548 -0.0094914 0.9998562 2.6947215
0.9998822 -0.0004569 -0.0153428 -0.0489241 0.0005939 0.9999600 0.0089231 -0.0485544 0.0153381 -0.0089311 0.9998425 2.7495656
0.9998615 -0.0008837 -0.0166168 -0.0503125 0.0010288 0.9999614 0.0087202 -0.0491854 0.0166084 -0.0087361 0.9998239 2.8045647
0.9998598 -0.0011265 -0.0167071 -0.0512735 0.0012656 0.9999646 0.0083225 -0.0499571 0.0166972 -0.0083425 0.9998258 2.8585255
0.9998415 -0.0024012 -0.0176444 -0.0521634 0.0025365 0.9999675 0.0076506 -0.0509217 0.0176255 -0.0076942 0.9998150 2.9133003
0.9998245 -0.0028281 -0.0185209 -0.0533362 0.0029921 0.9999565 0.0088315 -0.0514575 0.0184951 -0.0088854 0.9997895 2.9681132
0.9998153 -0.0030316 -0.0189794 -0.0547956 0.0032311 0.9999398 0.0104871 -0.0521772 0.0189465 -0.0105465 0.9997649 3.0222955
0.9998087 -0.0023276 -0.0194212 -0.0567501 0.0024961 0.9999594 0.0086541 -0.0527311 0.0194003 -0.0087009 0.9997739 3.0767598
0.9997936 -0.0006499 -0.0203023 -0.0574375 0.0007991 0.9999727 0.0073422 -0.0532017 0.0202970 -0.0073569 0.9997669 3.1310010
0.9997801 0.0014141 -0.0209257 -0.0588151 -0.0012507 0.9999686 0.0078182 -0.0540316 0.0209361 -0.0077903 0.9997504 3.1853712
0.9997659 0.0025770 -0.0214837 -0.0604254 -0.0024047 0.9999648 0.0080401 -0.0548044 0.0215037 -0.0079865 0.9997368 3.2401593
0.9997684 0.0044517 -0.0210555 -0.0622147 -0.0042726 0.9999543 0.0085440 -0.0555904 0.0210926 -0.0084520 0.9997418 3.2935944
0.9997734 0.0055162 -0.0205579 -0.0637296 -0.0053172 0.9999386 0.0097212 -0.0562944 0.0206102 -0.0096097 0.9997414 3.3481057
0.9997879 0.0067240 -0.0194650 -0.0647155 -0.0065310 0.9999291 0.0099629 -0.0565468 0.0195306 -0.0098336 0.9997609 3.4015758
0.9998345 0.0056873 -0.0172833 -0.0661271 -0.0055606 0.9999574 0.0073693 -0.0571699 0.0173245 -0.0072720 0.9998235 3.4561372
0.9998806 0.0025473 -0.0152409 -0.0667305 -0.0025031 0.9999926 0.0029148 -0.0580432 0.0152482 -0.0028763 0.9998796 3.5087430
0.9999099 0.0032362 -0.0130261 -0.0679571 -0.0032019 0.9999914 0.0026515 -0.0590042 0.0130346 -0.0026096 0.9999117 3.5613229
0.9999420 0.0022935 -0.0105247 -0.0688658 -0.0022286 0.9999785 0.0061727 -0.0597970 0.0105387 -0.0061489 0.9999256 3.6138926
0.9999711 0.0022833 -0.0072506 -0.0699165 -0.0022270 0.9999673 0.0077677 -0.0607877 0.0072681 -0.0077514 0.9999436 3.6658721
0.9999912 0.0025268 -0.0033460 -0.0708595 -0.0025073 0.9999800 0.0058089 -0.0614660 0.0033607 -0.0058004 0.9999775 3.7193139
0.9999985 0.0016903 -0.0003902 -0.0710645 -0.0016892 0.9999945 0.0028768 -0.0621995 0.0003951 -0.0028761 0.9999958 3.7689726
0.9999958 0.0000432 0.0029058 -0.0710274 -0.0000418 0.9999999 -0.0005013 -0.0630301 -0.0029058 0.0005012 0.9999956 3.8190892
0.9999810 -0.0007442 0.0061245 -0.0710258 0.0007520 0.9999989 -0.0012600 -0.0641532 -0.0061236 0.0012646 0.9999804 3.8692045
0.9999552 -0.0007137 0.0094338 -0.0707111 0.0007138 0.9999998 -0.0000001 -0.0650902 -0.0094338 0.0000069 0.9999555 3.9206445
0.9999101 0.0001657 0.0134094 -0.0707756 -0.0001775 0.9999996 0.0008763 -0.0662054 -0.0134092 -0.0008786 0.9999097 3.9698582
0.9998507 -0.0005139 0.0172686 -0.0705443 0.0005376 0.9999989 -0.0013681 -0.0671428 -0.0172679 0.0013772 0.9998500 4.0213304
0.9997931 -0.0003313 0.0203364 -0.0700320 0.0004007 0.9999941 -0.0034100 -0.0683558 -0.0203352 0.0034174 0.9997874 4.0700464
0.9997315 -0.0007512 0.0231571 -0.0692191 0.0008309 0.9999937 -0.0034311 -0.0698903 -0.0231544 0.0034494 0.9997259 4.1228442
0.9996579 -0.0020105 0.0260769 -0.0680185 0.0020824 0.9999941 -0.0027331 -0.0706700 -0.0260713 0.0027865 0.9996562 4.1701374
0.9995914 -0.0023647 0.0284867 -0.0669578 0.0023985 0.9999965 -0.0011527 -0.0717626 -0.0284838 0.0012205 0.9995935 4.2228732
0.9995097 -0.0029626 0.0311712 -0.0656163 0.0029536 0.9999956 0.0003340 -0.0726268 -0.0311721 -0.0002418 0.9995140 4.2697086
0.9994243 -0.0049042 0.0335701 -0.0646883 0.0048556 0.9999871 0.0015282 -0.0737628 -0.0335772 -0.0013643 0.9994352 4.3221025
0.9993408 -0.0059261 0.0358163 -0.0630448 0.0059680 0.9999816 -0.0010652 -0.0746156 -0.0358093 0.0012783 0.9993578 4.3744516
0.9992535 -0.0075581 0.0378868 -0.0615888 0.0077082 0.9999630 -0.0038192 -0.0764304 -0.0378566 0.0041084 0.9992747 4.4184957
0.9991658 -0.0068257 0.0402637 -0.0608961 0.0070934 0.9999537 -0.0065072 -0.0775217 -0.0402175 0.0067873 0.9991679 4.4702344
0.9991114 -0.0069650 0.0415697 -0.0588096 0.0072904 0.9999439 -0.0076792 -0.0783174 -0.0415139 0.0079755 0.9991061 4.5186563
0.9991085 -0.0069967 0.0416322 -0.0572381 0.0072924 0.9999492 -0.0069531 -0.0797835 -0.0415814 0.0072505 0.9991088 4.5713515
0.9991450 -0.0064909 0.0408298 -0.0557143 0.0067183 0.9999627 -0.0054355 -0.0805715 -0.0407930 0.0057052 0.9991513 4.6264501
0.9991887 -0.0074837 0.0395719 -0.0540692 0.0076347 0.9999641 -0.0036652 -0.0822634 -0.0395430 0.0039644 0.9992100 4.6697483
0.9992794 -0.0068219 0.0373394 -0.0524782 0.0069473 0.9999707 -0.0032279 -0.0829933 -0.0373163 0.0034849 0.9992974 4.7246842
0.9993629 -0.0064661 0.0351006 -0.0513685 0.0065556 0.9999756 -0.0024372 -0.0842579 -0.0350840 0.0026658 0.9993808 4.7723274
0.9994516 -0.0060081 0.0325626 -0.0511900 0.0061022 0.9999775 -0.0027922 -0.0852331 -0.0325451 0.0029894 0.9994658 4.8267994
0.9995853 -0.0045757 0.0284309 -0.0497828 0.0046655 0.9999843 -0.0030926 -0.0863116 -0.0284163 0.0032240 0.9995910 4.8753152
0.9996969 -0.0047272 0.0241600 -0.0490947 0.0047866 0.9999856 -0.0024008 -0.0877056 -0.0241483 0.0025157 0.9997052 4.9301205
0.9997849 -0.0037312 0.0203983 -0.0483660 0.0037683 0.9999913 -0.0017802 -0.0884665 -0.0203914 0.0018567 0.9997904 4.9789681
0.9998624 -0.0033369 0.0162514 -0.0482766 0.0033487 0.9999942 -0.0006984 -0.0897247 -0.0162490 0.0007527 0.9998677 5.0330534
0.9999251 -0.0034405 0.0117425 -0.0480184 0.0034460 0.9999940 -0.0004498 -0.0904160 -0.0117409 0.0004903 0.9999310 5.0822940
0.9999712 -0.0030433 0.0069518 -0.0481464 0.0030461 0.9999953 -0.0003875 -0.0913856 -0.0069505 0.0004087 0.9999757 5.1342211
0.9999954 -0.0023500 0.0019514 -0.0488231 0.0023510 0.9999971 -0.0004880 -0.0922826 -0.0019502 0.0004926 0.9999980 5.1897101
0.9999937 -0.0020046 -0.0029407 -0.0492722 0.0020012 0.9999973 -0.0011561 -0.0931898 0.0029430 0.0011502 0.9999950 5.2383332
0.9999676 -0.0008527 -0.0080048 -0.0500336 0.0008407 0.9999985 -0.0015065 -0.0945135 0.0080060 0.0014997 0.9999668 5.2939873
0.9999372 0.0011207 -0.0111450 -0.0514952 -0.0011372 0.9999983 -0.0014790 -0.0955303 0.0111434 0.0014916 0.9999368 5.3430896
0.9999042 0.0027831 -0.0135603 -0.0521301 -0.0028053 0.9999948 -0.0016198 -0.0963975 0.0135558 0.0016577 0.9999067 5.4000616
0.9998900 0.0039596 -0.0142906 -0.0543808 -0.0039836 0.9999907 -0.0016541 -0.0978797 0.0142839 0.0017108 0.9998965 5.4488730
0.9998626 0.0063364 -0.0153221 -0.0557389 -0.0063504 0.9999794 -0.0008682 -0.0994100 0.0153163 0.0009654 0.9998822 5.5040574
0.9998327 0.0073873 -0.0167339 -0.0571642 -0.0073984 0.9999725 -0.0006027 -0.1000264 0.0167289 0.0007264 0.9998598 5.5550947
0.9998223 0.0072871 -0.0173874 -0.0586038 -0.0072888 0.9999734 -0.0000340 -0.1014591 0.0173867 0.0001607 0.9998488 5.6115417
0.9997720 0.0110250 -0.0182873 -0.0605133 -0.0109980 0.9999382 0.0015772 -0.1017047 0.0183036 -0.0013757 0.9998316 5.6609130
0.9997522 0.0117408 -0.0189115 -0.0621987 -0.0116533 0.9999209 0.0047312 -0.1025838 0.0189655 -0.0045097 0.9998100 5.7166276
0.9997526 0.0108282 -0.0194315 -0.0638889 -0.0107453 0.9999327 0.0043665 -0.1034572 0.0194775 -0.0041566 0.9998016 5.7676291
0.9997539 0.0103196 -0.0196370 -0.0659316 -0.0102667 0.9999434 0.0027925 -0.1040926 0.0196647 -0.0025902 0.9998033 5.8241119
0.9997526 0.0079282 -0.0207802 -0.0670683 -0.0078523 0.9999622 0.0037327 -0.1049796 0.0208091 -0.0035686 0.9997771 5.8742852
0.9997452 0.0057820 -0.0218214 -0.0687580 -0.0056606 0.9999682 0.0056225 -0.1056599 0.0218532 -0.0054976 0.9997461 5.9312949
0.9997550 0.0025041 -0.0219927 -0.0701609 -0.0023365 0.9999681 0.0076430 -0.1065601 0.0220111 -0.0075897 0.9997289 5.9817610
0.9997590 0.0003073 -0.0219506 -0.0722393 -0.0001089 0.9999591 0.0090394 -0.1074019 0.0219525 -0.0090348 0.9997182 6.0389814
0.9997396 -0.0037475 -0.0225086 -0.0732631 0.0038960 0.9999709 0.0065600 -0.1076139 0.0224834 -0.0066460 0.9997251 6.0888820
0.9997295 -0.0060853 -0.0224485 -0.0749349 0.0062153 0.9999643 0.0057262 -0.1081992 0.0224129 -0.0058642 0.9997316 6.1455932
0.9997164 -0.0078210 -0.0224938 -0.0763421 0.0079444 0.9999539 0.0054004 -0.1090378 0.0224505 -0.0055775 0.9997324 6.1961441
0.9997267 -0.0074622 -0.0221569 -0.0781498 0.0075883 0.9999555 0.0056110 -0.1095167 0.0221141 -0.0057776 0.9997388 6.2534523
0.9997451 -0.0076477 -0.0212411 -0.0799070 0.0078145 0.9999392 0.0077789 -0.1104197 0.0211803 -0.0079429 0.9997441 6.3032894
0.9997428 -0.0055472 -0.0219903 -0.0804123 0.0057365 0.9999470 0.0085551 -0.1105292 0.0219416 -0.0086790 0.9997216 6.3607674
0.9997797 -0.0053663 -0.0202905 -0.0831869 0.0055236 0.9999551 0.0077006 -0.1118535 0.0202482 -0.0078109 0.9997644 6.4097891
0.9997912 -0.0048044 -0.0198614 -0.0849944 0.0049213 0.9999708 0.0058428 -0.1125236 0.0198327 -0.0059393 0.9997857 6.4680018
0.9997965 -0.0053069 -0.0194619 -0.0864501 0.0053745 0.9999797 0.0034234 -0.1133514 0.0194434 -0.0035273 0.9998047 6.5166273
0.9997924 -0.0069404 -0.0191579 -0.0882364 0.0069338 0.9999759 -0.0004104 -0.1147369 0.0191603 0.0002775 0.9998164 6.5743608
0.9998018 -0.0068768 -0.0186858 -0.0896250 0.0068066 0.9999695 -0.0038196 -0.1155495 0.0187115 0.0036917 0.9998181 6.6216097
0.9998089 -0.0069197 -0.0182827 -0.0912989 0.0068365 0.9999660 -0.0046092 -0.1170540 0.0183140 0.0044834 0.9998223 6.6783752
0.9997982 -0.0073841 -0.0186819 -0.0925703 0.0073007 0.9999631 -0.0045251 -0.1180164 0.0187146 0.0043878 0.9998152 6.7260442
0.9997956 -0.0070812 -0.0189405 -0.0938904 0.0070150 0.9999691 -0.0035610 -0.1195623 0.0189651 0.0034274 0.9998143 6.7824349
0.9997965 -0.0064146 -0.0191278 -0.0956072 0.0063617 0.9999758 -0.0028260 -0.1205786 0.0191454 0.0027037 0.9998131 6.8299942
0.9997991 -0.0054098 -0.0193021 -0.0975091 0.0053650 0.9999828 -0.0023738 -0.1218299 0.0193146 0.0022698 0.9998109 6.8869181
0.9997891 -0.0055356 -0.0197787 -0.0988866 0.0054794 0.9999808 -0.0028987 -0.1229337 0.0197943 0.0027897 0.9998002 6.9336195
0.9997780 -0.0049820 -0.0204704 -0.1007256 0.0049260 0.9999840 -0.0027861 -0.1238272 0.0204839 0.0026847 0.9997866 6.9914575
0.9997559 -0.0056044 -0.0213745 -0.1022467 0.0055785 0.9999836 -0.0012724 -0.1254025 0.0213813 0.0011529 0.9997707 7.0377345
0.9997473 -0.0046482 -0.0219918 -0.1042128 0.0046311 0.9999889 -0.0008277 -0.1266772 0.0219954 0.0007256 0.9997578 7.0956225
0.9997344 -0.0042289 -0.0226552 -0.1057839 0.0041843 0.9999892 -0.0020160 -0.1275693 0.0226634 0.0019207 0.9997413 7.1408539
0.9997237 -0.0034723 -0.0232480 -0.1076858 0.0034052 0.9999899 -0.0029245 -0.1290845 0.0232579 0.0028445 0.9997255 7.1974640
0.9997086 -0.0031618 -0.0239317 -0.1096776 0.0030927 0.9999909 -0.0029251 -0.1301687 0.0239408 0.0028502 0.9997093 7.2429695
0.9996987 -0.0031369 -0.0243451 -0.1119654 0.0030424 0.9999877 -0.0039186 -0.1311763 0.0243571 0.0038433 0.9996960 7.3002744
0.9996684 -0.0032190 -0.0255506 -0.1134612 0.0030941 0.9999831 -0.0049284 -0.1324376 0.0255660 0.0048477 0.9996614 7.3453197
0.9996464 -0.0032636 -0.0263883 -0.1153512 0.0031418 0.9999842 -0.0046568 -0.1337010 0.0264031 0.0045723 0.9996409 7.3972282
0.9996273 -0.0028767 -0.0271479 -0.1176828 0.0027726 0.9999887 -0.0038714 -0.1348570 0.0271587 0.0037947 0.9996240 7.4543281
0.9996060 -0.0030491 -0.0279043 -0.1190855 0.0029681 0.9999912 -0.0029459 -0.1362031 0.0279130 0.0028619 0.9996063 7.5002074
0.9995882 -0.0018367 -0.0286371 -0.1214220 0.0017736 0.9999959 -0.0022301 -0.1378698 0.0286411 0.0021784 0.9995874 7.5564613
0.9995667 -0.0020841 -0.0293609 -0.1234080 0.0020211 0.9999956 -0.0021749 -0.1386604 0.0293653 0.0021147 0.9995665 7.6027565
0.9995458 -0.0018592 -0.0300798 -0.1260003 0.0017667 0.9999936 -0.0031023 -0.1400491 0.0300853 0.0030478 0.9995427 7.6589437
0.9995300 -0.0014698 -0.0306228 -0.1282257 0.0013751 0.9999942 -0.0031118 -0.1418725 0.0306272 0.0030682 0.9995261 7.7158408
0.9995220 -0.0003405 -0.0309153 -0.1302112 0.0002481 0.9999955 -0.0029922 -0.1424084 0.0309161 0.0029831 0.9995175 7.7571235
0.9995204 -0.0008721 -0.0309544 -0.1332427 0.0007434 0.9999911 -0.0041662 -0.1439742 0.0309578 0.0041412 0.9995121 7.8129120
0.9994997 -0.0029210 -0.0314929 -0.1344727 0.0027456 0.9999805 -0.0056121 -0.1451068 0.0315087 0.0055228 0.9994882 7.8592319
0.9994732 -0.0060975 -0.0318784 -0.1369108 0.0059417 0.9999700 -0.0049817 -0.1467741 0.0319079 0.0047897 0.9994794 7.9159622
0.9994581 -0.0059156 -0.0323806 -0.1386164 0.0058656 0.9999815 -0.0016397 -0.1476732 0.0323897 0.0014489 0.9994743 7.9616885
0.9994540 -0.0064346 -0.0324092 -0.1413394 0.0065229 0.9999753 0.0026203 -0.1491371 0.0323915 -0.0028303 0.9994712 8.0189333
0.9994636 -0.0057263 -0.0322459 -0.1433992 0.0058048 0.9999804 0.0023396 -0.1500362 0.0322318 -0.0025256 0.9994772 8.0627432
0.9995012 -0.0043935 -0.0312749 -0.1465036 0.0043697 0.9999901 -0.0008300 -0.1510920 0.0312782 0.0006929 0.9995105 8.1188602
0.9994549 -0.0039430 -0.0327768 -0.1476085 0.0038452 0.9999880 -0.0030448 -0.1516097 0.0327884 0.0029171 0.9994581 8.1635647
0.9994482 -0.0045173 -0.0329088 -0.1503805 0.0044262 0.9999862 -0.0028401 -0.1527853 0.0329211 0.0026929 0.9994543 8.2196865
0.9994475 -0.0054011 -0.0327957 -0.1527003 0.0053586 0.9999847 -0.0013826 -0.1542987 0.0328027 0.0012061 0.9994611 8.2757483
0.9994596 -0.0040496 -0.0326199 -0.1542834 0.0040753 0.9999914 0.0007211 -0.1554443 0.0326167 -0.0008537 0.9994676 8.3118734
0.9994848 -0.0049433 -0.0317120 -0.1570511 0.0050007 0.9999860 0.0017308 -0.1568109 0.0317030 -0.0018885 0.9994956 8.3695498
0.9995244 -0.0042834 -0.0305404 -0.1585123 0.0043124 0.9999903 0.0008833 -0.1576398 0.0305364 -0.0010146 0.9995331 8.4106569
0.9995494 -0.0059037 -0.0294307 -0.1606776 0.0058900 0.9999825 -0.0005528 -0.1588484 0.0294334 0.0003792 0.9995667 8.4662495
0.9995907 -0.0055796 -0.0280582 -0.1629712 0.0055282 0.9999829 -0.0019069 -0.1602750 0.0280684 0.0017510 0.9996045 8.5225067
0.9996281 -0.0064423 -0.0264962 -0.1646344 0.0063781 0.9999765 -0.0025093 -0.1607690 0.0265117 0.0023394 0.9996458 8.5573835
0.9996736 -0.0060785 -0.0248148 -0.1668303 0.0060473 0.9999808 -0.0013285 -0.1626266 0.0248224 0.0011780 0.9996912 8.6120415
0.9996920 -0.0068053 -0.0238643 -0.1681827 0.0068193 0.9999766 0.0005072 -0.1633188 0.0238603 -0.0006698 0.9997151 8.6541595
0.9997304 -0.0055558 -0.0225430 -0.1704163 0.0055767 0.9999841 0.0008654 -0.1647162 0.0225378 -0.0009909 0.9997455 8.7084885
0.9997488 -0.0057882 -0.0216506 -0.1714021 0.0058036 0.9999830 0.0006495 -0.1650790 0.0216464 -0.0007750 0.9997654 8.7479296
0.9997700 -0.0055190 -0.0207243 -0.1730940 0.0055330 0.9999845 0.0006190 -0.1662312 0.0207205 -0.0007335 0.9997851 8.8017321
0.9997942 -0.0058958 -0.0194106 -0.1753206 0.0059093 0.9999824 0.0006404 -0.1671051 0.0194065 -0.0007550 0.9998114 8.8559122
0.9998082 -0.0057819 -0.0187134 -0.1756623 0.0058003 0.9999828 0.0009267 -0.1681307 0.0187077 -0.0010350 0.9998245 8.8875713
0.9998244 -0.0061057 -0.0177183 -0.1777326 0.0061269 0.9999806 0.0011416 -0.1696343 0.0177110 -0.0012500 0.9998423 8.9402790
0.9998166 -0.0071536 -0.0177665 -0.1788390 0.0071819 0.9999731 0.0015268 -0.1711321 0.0177551 -0.0016541 0.9998410 8.9930687
0.9998290 -0.0067841 -0.0172044 -0.1796565 0.0068179 0.9999750 0.0019053 -0.1711971 0.0171910 -0.0020223 0.9998502 9.0227547
0.9998177 -0.0072715 -0.0176524 -0.1814140 0.0073209 0.9999695 0.0027350 -0.1720559 0.0176320 -0.0028637 0.9998404 9.0731440
0.9998096 -0.0071754 -0.0181432 -0.1819637 0.0072310 0.9999694 0.0030022 -0.1732164 0.0181211 -0.0031328 0.9998309 9.1090889
0.9997960 -0.0069703 -0.0189543 -0.1830681 0.0070070 0.9999737 0.0018723 -0.1743246 0.0189407 -0.0020047 0.9998186 9.1587982
0.9997994 -0.0067272 -0.0188623 -0.1848692 0.0067515 0.9999765 0.0012229 -0.1750593 0.0188536 -0.0013500 0.9998214 9.1932926
0.9997883 -0.0063661 -0.0195634 -0.1861618 0.0063889 0.9999790 0.0011046 -0.1760987 0.0195560 -0.0012293 0.9998080 9.2345552
0.9997534 -0.0073146 -0.0209680 -0.1872762 0.0073404 0.9999724 0.0011540 -0.1770857 0.0209589 -0.0013076 0.9997795 9.2749338
0.9997143 -0.0076801 -0.0226345 -0.1885748 0.0077225 0.9999686 0.0017868 -0.1778919 0.0226201 -0.0019611 0.9997422 9.3148050
0.9996621 -0.0085621 -0.0245440 -0.1901136 0.0086516 0.9999563 0.0035435 -0.1788423 0.0245126 -0.0037547 0.9996925 9.3547897
0.9996134 -0.0080842 -0.0266029 -0.1915950 0.0082236 0.9999530 0.0051359 -0.1796563 0.0265601 -0.0053527 0.9996329 9.3944225
0.9995466 -0.0080539 -0.0290112 -0.1931104 0.0082095 0.9999526 0.0052463 -0.1804945 0.0289676 -0.0054821 0.9995653 9.4332790
0.9994677 -0.0079122 -0.0316489 -0.1947715 0.0080710 0.9999555 0.0048950 -0.1812464 0.0316088 -0.0051478 0.9994870 9.4713640
0.9993804 -0.0074756 -0.0343932 -0.1967465 0.0076439 0.9999594 0.0047643 -0.1820157 0.0343562 -0.0050242 0.9993970 9.5157652
0.9992678 -0.0072442 -0.0375673 -0.1981509 0.0074426 0.9999591 0.0051460 -0.1825478 0.0375285 -0.0054218 0.9992809 9.5453243
0.9991659 -0.0063571 -0.0403371 -0.2005453 0.0065563 0.9999669 0.0048102 -0.1834135 0.0403052 -0.0050706 0.9991745 9.5864239
0.9990414 -0.0066771 -0.0432641 -0.2020480 0.0068854 0.9999654 0.0046662 -0.1841644 0.0432315 -0.0049596 0.9990528 9.6159811
0.9988797 -0.0069161 -0.0468135 -0.2040463 0.0070835 0.9999691 0.0034098 -0.1848077 0.0467885 -0.0037376 0.9988979 9.6560764
0.9987447 -0.0059704 -0.0497336 -0.2061262 0.0061579 0.9999745 0.0036178 -0.1855276 0.0497107 -0.0039195 0.9987560 9.6823883
0.9985934 -0.0058994 -0.0526910 -0.2087920 0.0060668 0.9999771 0.0030181 -0.1865403 0.0526720 -0.0033335 0.9986063 9.7197266
0.9984658 -0.0038781 -0.0552352 -0.2102768 0.0040337 0.9999882 0.0027052 -0.1869199 0.0552240 -0.0029238 0.9984697 9.7457790
0.9983892 -0.0034373 -0.0566326 -0.2123021 0.0036213 0.9999885 0.0031473 -0.1876463 0.0566211 -0.0033473 0.9983901 9.7823267
0.9984370 -0.0034301 -0.0557826 -0.2144583 0.0036767 0.9999839 0.0043178 -0.1883630 0.0557669 -0.0045161 0.9984336 9.8064299
0.9984672 -0.0036011 -0.0552287 -0.2167346 0.0038576 0.9999822 0.0045388 -0.1889184 0.0552114 -0.0047449 0.9984634 9.8405771
0.9984791 -0.0031310 -0.0550435 -0.2182848 0.0033736 0.9999850 0.0043150 -0.1894125 0.0550292 -0.0044941 0.9984747 9.8640833
0.9985046 -0.0030011 -0.0545844 -0.2203569 0.0031361 0.9999923 0.0023884 -0.1901256 0.0545768 -0.0025560 0.9985063 9.8976116
0.9985515 -0.0030221 -0.0537181 -0.2221587 0.0030573 0.9999952 0.0005721 -0.1907684 0.0537161 -0.0007355 0.9985560 9.9199886
0.9986036 -0.0026081 -0.0527632 -0.2240438 0.0025561 0.9999962 -0.0010531 -0.1912670 0.0527657 0.0009168 0.9986065 9.9532795
0.9986892 -0.0024779 -0.0511237 -0.2256354 0.0024261 0.9999965 -0.0010753 -0.1920230 0.0511262 0.0009499 0.9986917 9.9757519
0.9987918 -0.0026547 -0.0490698 -0.2279777 0.0026022 0.9999959 -0.0011340 -0.1927989 0.0490726 0.0010050 0.9987947 10.0079956
0.9988578 -0.0031628 -0.0476765 -0.2289203 0.0030843 0.9999937 -0.0017199 -0.1930675 0.0476817 0.0015709 0.9988614 10.0306787
0.9989522 -0.0027428 -0.0456845 -0.2308752 0.0026551 0.9999945 -0.0019814 -0.1938777 0.0456896 0.0018580 0.9989539 10.0632153
0.9990370 -0.0035226 -0.0437330 -0.2318205 0.0034384 0.9999921 -0.0020007 -0.1944316 0.0437397 0.0018484 0.9990413 10.0849257
0.9991649 -0.0038104 -0.0406813 -0.2336912 0.0037689 0.9999923 -0.0010978 -0.1955301 0.0406851 0.0009435 0.9991716 10.1168900
0.9992651 -0.0045401 -0.0380618 -0.2343362 0.0045271 0.9999897 -0.0004276 -0.1958985 0.0380634 0.0002550 0.9992753 10.1389713
0.9993808 -0.0053078 -0.0347817 -0.2358927 0.0052952 0.9999859 -0.0004551 -0.1964823 0.0347836 0.0002706 0.9993948 10.1706114
0.9994703 -0.0055387 -0.0320696 -0.2367328 0.0055323 0.9999847 -0.0002879 -0.1970257 0.0320707 0.0001103 0.9994856 10.1922121
0.9995631 -0.0058028 -0.0289814 -0.2380321 0.0057826 0.9999830 -0.0007795 -0.1975646 0.0289854 0.0006116 0.9995797 10.2234688
0.9996403 -0.0061511 -0.0261033 -0.2387062 0.0061314 0.9999809 -0.0008338 -0.1981799 0.0261079 0.0006735 0.9996589 10.2449293
0.9997119 -0.0053656 -0.0233956 -0.2396573 0.0053326 0.9999847 -0.0014738 -0.1989610 0.0234031 0.0013486 0.9997252 10.2760010
0.9997827 -0.0051845 -0.0201928 -0.2405275 0.0051377 0.9999840 -0.0023690 -0.1992432 0.0202048 0.0022648 0.9997933 10.2974682
0.9998404 -0.0045902 -0.0172643 -0.2415003 0.0045590 0.9999879 -0.0018436 -0.1997882 0.0172726 0.0017646 0.9998493 10.3293486
0.9998788 -0.0045021 -0.0149073 -0.2419601 0.0044847 0.9999892 -0.0011998 -0.2002635 0.0149125 0.0011328 0.9998882 10.3511953
0.9999141 -0.0047698 -0.0122108 -0.2429771 0.0047542 0.9999878 -0.0013087 -0.2009281 0.0122169 0.0012505 0.9999246 10.3832369
0.9999315 -0.0050113 -0.0105818 -0.2431082 0.0049839 0.9999842 -0.0026083 -0.2015426 0.0105947 0.0025554 0.9999406 10.4054384
0.9999480 -0.0048305 -0.0089863 -0.2437187 0.0047880 0.9999773 -0.0047403 -0.2021940 0.0090090 0.0046970 0.9999484 10.4378376
0.9999458 -0.0065177 -0.0081256 -0.2441824 0.0064651 0.9999581 -0.0064809 -0.2027338 0.0081675 0.0064280 0.9999460 10.4598703
0.9999497 -0.0062972 -0.0078105 -0.2450251 0.0062443 0.9999576 -0.0067730 -0.2035738 0.0078528 0.0067239 0.9999465 10.4928751
0.9999492 -0.0067445 -0.0074958 -0.2454878 0.0066871 0.9999483 -0.0076558 -0.2040392 0.0075471 0.0076053 0.9999426 10.5152807
0.9999571 -0.0052387 -0.0076407 -0.2459639 0.0051796 0.9999567 -0.0077345 -0.2048256 0.0076809 0.0076946 0.9999409 10.5437231
0.9999691 -0.0041648 -0.0066750 -0.2470423 0.0041087 0.9999563 -0.0084017 -0.2055783 0.0067097 0.0083741 0.9999424 10.5778465
0.9999591 -0.0056762 -0.0070370 -0.2469840 0.0056038 0.9999316 -0.0102662 -0.2061487 0.0070948 0.0102264 0.9999225 10.5998421
0.9999296 -0.0098127 -0.0066711 -0.2474885 0.0097310 0.9998787 -0.0121599 -0.2071977 0.0067896 0.0120941 0.9999038 10.6342611
0.9998991 -0.0128507 -0.0060550 -0.2478187 0.0127687 0.9998288 -0.0133920 -0.2073133 0.0062260 0.0133134 0.9998920 10.6565905
0.9999354 -0.0101406 -0.0051326 -0.2488566 0.0100871 0.9998956 -0.0103503 -0.2076609 0.0052370 0.0102979 0.9999332 10.6919632
0.9999685 -0.0062960 -0.0048373 -0.2491154 0.0062791 0.9999741 -0.0035117 -0.2087363 0.0048593 0.0034812 0.9999821 10.7147112
0.9999616 -0.0075244 -0.0044896 -0.2493735 0.0075246 0.9999717 0.0000291 -0.2097449 0.0044892 -0.0000628 0.9999899 10.7502556
0.9999611 -0.0086692 -0.0016135 -0.2499108 0.0086663 0.9999608 -0.0018345 -0.2107337 0.0016294 0.0018205 0.9999970 10.7862930
0.9999678 -0.0076905 0.0023105 -0.2499929 0.0077083 0.9999401 -0.0077743 -0.2114307 -0.0022506 0.0077919 0.9999671 10.8220329
0.9999667 -0.0052104 0.0062815 -0.2504480 0.0052843 0.9999164 -0.0117968 -0.2111709 -0.0062195 0.0118296 0.9999107 10.8327150
0.9999433 -0.0035137 0.0100558 -0.2510344 0.0036237 0.9999335 -0.0109447 -0.2123962 -0.0100167 0.0109806 0.9998896 10.8699894
0.9999051 -0.0048762 0.0128820 -0.2503847 0.0049968 0.9999439 -0.0093479 -0.2130803 -0.0128357 0.0094113 0.9998733 10.9069080
0.9998571 -0.0074433 0.0151753 -0.2497696 0.0075458 0.9999490 -0.0067078 -0.2130754 -0.0151246 0.0068213 0.9998624 10.9251623
0.9997868 -0.0093298 0.0184219 -0.2496503 0.0094246 0.9999428 -0.0050637 -0.2140452 -0.0183736 0.0052362 0.9998175 10.9629326
0.9997251 -0.0090076 0.0216460 -0.2499169 0.0091152 0.9999466 -0.0048760 -0.2147689 -0.0216009 0.0050720 0.9997538 11.0010824
0.9996853 -0.0073381 0.0239899 -0.2493855 0.0074943 0.9999512 -0.0064281 -0.2154991 -0.0239416 0.0066058 0.9996915 11.0177984
0.9996776 -0.0046807 0.0249551 -0.2470697 0.0049094 0.9999464 -0.0091112 -0.2157711 -0.0249111 0.0092308 0.9996471 11.0573845
0.9995334 -0.0043448 0.0302345 -0.2499194 0.0046233 0.9999475 -0.0091453 -0.2166763 -0.0301932 0.0092808 0.9995010 11.0941534
0.9994860 -0.0048570 0.0316892 -0.2477553 0.0050829 0.9999622 -0.0070520 -0.2175581 -0.0316538 0.0072094 0.9994729 11.1121311
0.9993801 -0.0034829 0.0350338 -0.2477192 0.0036655 0.9999800 -0.0051497 -0.2185667 -0.0350152 0.0052749 0.9993728 11.1502714
0.9992781 -0.0028528 0.0378840 -0.2467035 0.0030612 0.9999805 -0.0054436 -0.2195085 -0.0378677 0.0055556 0.9992673 11.1894836
0.9991689 -0.0011565 0.0407460 -0.2459290 0.0014370 0.9999755 -0.0068540 -0.2191493 -0.0407371 0.0069068 0.9991460 11.2054653
0.9990825 -0.0020031 0.0427800 -0.2437928 0.0023487 0.9999650 -0.0080296 -0.2195738 -0.0427624 0.0081227 0.9990522 11.2449541
0.9989682 -0.0053379 0.0450997 -0.2431906 0.0056693 0.9999579 -0.0072223 -0.2205923 -0.0450593 0.0074705 0.9989564 11.2838182
0.9989007 -0.0066153 0.0464082 -0.2429180 0.0069452 0.9999517 -0.0069506 -0.2213598 -0.0463600 0.0072653 0.9988984 11.2990608
0.9988629 -0.0075345 0.0470772 -0.2419733 0.0078645 0.9999458 -0.0068301 -0.2222689 -0.0470231 0.0071926 0.9988679 11.3375196
0.9988459 -0.0076242 0.0474203 -0.2406965 0.0079518 0.9999458 -0.0067228 -0.2231116 -0.0473665 0.0070921 0.9988524 11.3621778
0.9988562 -0.0071701 0.0472748 -0.2394450 0.0074613 0.9999542 -0.0059874 -0.2241452 -0.0472297 0.0063333 0.9988640 11.4017029
0.9988869 -0.0063117 0.0467438 -0.2384670 0.0066099 0.9999588 -0.0062271 -0.2244769 -0.0467026 0.0065292 0.9988875 11.4252644
0.9989730 -0.0068272 0.0447925 -0.2367706 0.0071458 0.9999503 -0.0069566 -0.2255787 -0.0447428 0.0072695 0.9989721 11.4643755
0.9990191 -0.0070044 0.0437243 -0.2364151 0.0073394 0.9999449 -0.0075063 -0.2264379 -0.0436693 0.0078198 0.9990155 11.4882021
0.9990876 -0.0056001 0.0423392 -0.2355648 0.0059824 0.9999424 -0.0089082 -0.2270222 -0.0422869 0.0091533 0.9990636 11.5271959
0.9991444 -0.0044644 0.0411157 -0.2348848 0.0048343 0.9999487 -0.0089019 -0.2279299 -0.0410739 0.0090931 0.9991148 11.5512257
0.9992205 -0.0030261 0.0393604 -0.2338970 0.0033939 0.9999512 -0.0092811 -0.2290731 -0.0393303 0.0094075 0.9991820 11.5897207
0.9992867 -0.0027009 0.0376679 -0.2337081 0.0030147 0.9999612 -0.0082766 -0.2299780 -0.0376441 0.0083842 0.9992560 11.6130457
0.9993975 -0.0029189 0.0345837 -0.2324782 0.0031557 0.9999719 -0.0067936 -0.2310891 -0.0345629 0.0068986 0.9993787 11.6520357
0.9995205 -0.0038429 0.0307233 -0.2323608 0.0039981 0.9999796 -0.0049932 -0.2314960 -0.0307035 0.0051137 0.9995155 11.6758184
0.9996437 -0.0045111 0.0263070 -0.2320441 0.0046045 0.9999833 -0.0034929 -0.2324046 -0.0262908 0.0036128 0.9996478 11.7139044
0.9997581 -0.0053886 0.0213250 -0.2317719 0.0054335 0.9999831 -0.0020511 -0.2331006 -0.0213136 0.0021665 0.9997705 11.7372713
0.9998381 -0.0055265 0.0171276 -0.2320579 0.0055514 0.9999836 -0.0014079 -0.2339096 -0.0171195 0.0015027 0.9998523 11.7746820
0.9999051 -0.0062065 0.0122966 -0.2319424 0.0062170 0.9999803 -0.0008185 -0.2345164 -0.0122913 0.0008949 0.9999241 11.7972126
0.9999425 -0.0074002 0.0077654 -0.2323342 0.0074071 0.9999722 -0.0008672 -0.2351663 -0.0077587 0.0009247 0.9999695 11.8338900
0.9999662 -0.0072286 0.0039134 -0.2327059 0.0072334 0.9999731 -0.0012046 -0.2358587 -0.0039046 0.0012329 0.9999916 11.8549891
0.9999750 -0.0070690 0.0002661 -0.2332659 0.0070693 0.9999740 -0.0014010 -0.2367749 -0.0002562 0.0014029 0.9999990 11.8900118
0.9999741 -0.0062037 -0.0036521 -0.2337287 0.0061976 0.9999794 -0.0016884 -0.2372270 0.0036625 0.0016657 0.9999919 11.9106550
0.9999499 -0.0067214 -0.0074205 -0.2343889 0.0067103 0.9999763 -0.0015256 -0.2379609 0.0074306 0.0014757 0.9999713 11.9440498
0.9999064 -0.0078392 -0.0112135 -0.2350784 0.0078127 0.9999666 -0.0023996 -0.2386214 0.0112319 0.0023117 0.9999343 11.9623146
0.9998578 -0.0062150 -0.0156764 -0.2364279 0.0061513 0.9999726 -0.0041060 -0.2393775 0.0157015 0.0040090 0.9998687 11.9933195
0.9997516 -0.0048012 -0.0217663 -0.2375260 0.0046776 0.9999726 -0.0057294 -0.2399881 0.0217932 0.0056262 0.9997467 12.0108452
0.9995296 -0.0042003 -0.0303791 -0.2387829 0.0039711 0.9999632 -0.0076028 -0.2407442 0.0304099 0.0074786 0.9995095 12.0416145
0.9991795 -0.0041615 -0.0402872 -0.2401287 0.0038153 0.9999552 -0.0086664 -0.2413910 0.0403214 0.0085055 0.9991506 12.0570326
0.9985307 -0.0038368 -0.0540517 -0.2418929 0.0033626 0.9999551 -0.0088614 -0.2423812 0.0540833 0.0086666 0.9984988 12.0852108
0.9975489 -0.0027131 -0.0699206 -0.2439588 0.0021248 0.9999617 -0.0084866 -0.2427193 0.0699410 0.0083173 0.9975165 12.1010065
0.9959864 0.0000623 -0.0895044 -0.2472485 -0.0007584 0.9999697 -0.0077438 -0.2436811 0.0895012 0.0077806 0.9959563 12.1278315
0.9937621 0.0016721 -0.1115082 -0.2498487 -0.0025645 0.9999658 -0.0078604 -0.2441127 0.1114912 0.0080974 0.9937325 12.1429729
0.9906408 0.0024156 -0.1364736 -0.2543083 -0.0035318 0.9999623 -0.0079369 -0.2449278 0.1364492 0.0083446 0.9906119 12.1677141
0.9864464 0.0041743 -0.1640306 -0.2571143 -0.0055354 0.9999539 -0.0078417 -0.2451496 0.1639903 0.0086434 0.9864241 12.1825275
0.9809101 0.0046283 -0.1944066 -0.2628789 -0.0060971 0.9999572 -0.0069578 -0.2456117 0.1943661 0.0080103 0.9808964 12.2062416
0.9736755 0.0052178 -0.2278787 -0.2661500 -0.0065153 0.9999666 -0.0049420 -0.2460797 0.2278453 0.0062966 0.9736770 12.2196360
0.9647068 0.0059376 -0.2632594 -0.2730932 -0.0070558 0.9999697 -0.0033023 -0.2466725 0.2632318 0.0050432 0.9647194 12.2426119
0.9539269 0.0064210 -0.2999704 -0.2779460 -0.0068334 0.9999766 -0.0003258 -0.2472094 0.2999613 0.0023606 0.9539484 12.2544594
0.9407353 0.0080165 -0.3390469 -0.2857609 -0.0078875 0.9999673 0.0017585 -0.2473841 0.3390500 0.0010200 0.9407678 12.2756634
0.9261745 0.0087216 -0.3769942 -0.2923255 -0.0078756 0.9999618 0.0037856 -0.2476989 0.3770128 -0.0005371 0.9262078 12.2868090
0.9087884 0.0084725 -0.4171713 -0.3020067 -0.0066589 0.9999610 0.0058025 -0.2480674 0.4172041 -0.0024953 0.9088094 12.3066654
0.8890973 0.0083724 -0.4576416 -0.3090525 -0.0058884 0.9999592 0.0068542 -0.2482087 0.4576803 -0.0033993 0.8891103 12.3177824
0.8660993 0.0078347 -0.4998106 -0.3205390 -0.0044711 0.9999586 0.0079270 -0.2485256 0.4998520 -0.0046309 0.8660985 12.3358688
0.8410361 0.0073907 -0.5409286 -0.3290458 -0.0030269 0.9999553 0.0089561 -0.2484645 0.5409706 -0.0058951 0.8410209 12.3462963
0.8126333 0.0076398 -0.5827252 -0.3431873 -0.0018604 0.9999430 0.0105154 -0.2488230 0.5827723 -0.0074611 0.8126013 12.3634205
0.7809350 0.0092140 -0.6245443 -0.3520913 -0.0028924 0.9999338 0.0111355 -0.2487418 0.6246055 -0.0068897 0.7809100 12.3727312
0.7468565 0.0084307 -0.6649318 -0.3678660 -0.0013551 0.9999369 0.0111561 -0.2488708 0.6649838 -0.0074310 0.7468208 12.3871298
0.7082971 0.0075337 -0.7058743 -0.3776922 0.0023477 0.9999124 0.0130278 -0.2487328 0.7059106 -0.0108848 0.7082173 12.3956947
0.6664420 0.0067900 -0.7455260 -0.3948698 0.0078520 0.9998391 0.0161252 -0.2483232 0.7455155 -0.0166004 0.6662815 12.4077749
0.6189077 0.0075714 -0.7854273 -0.4060345 0.0117328 0.9997529 0.0188828 -0.2486866 0.7853761 -0.0209019 0.6186659 12.4159403
0.5688315 0.0118054 -0.8223693 -0.4235849 0.0104349 0.9997129 0.0215691 -0.2490401 0.8223879 -0.0208505 0.5685450 12.4257717
0.5170614 0.0177898 -0.8557634 -0.4369340 0.0060861 0.9996823 0.0244589 -0.2489906 0.8559267 -0.0178550 0.5167889 12.4312820
0.4630584 0.0218529 -0.8860583 -0.4569311 0.0029294 0.9996528 0.0261854 -0.2486979 0.8863229 -0.0147210 0.4628337 12.4386511
0.4063861 0.0244907 -0.9133732 -0.4761357 0.0021876 0.9996118 0.0277764 -0.2487738 0.9136989 -0.0132860 0.4061747 12.4453135
0.3494622 0.0259410 -0.9365913 -0.4868374 0.0033302 0.9995760 0.0289281 -0.2480115 0.9369445 -0.0132283 0.3492276 12.4476185
0.2920545 0.0292177 -0.9559553 -0.5081379 0.0049815 0.9994732 0.0320697 -0.2475094 0.9563887 -0.0141282 0.2917551 12.4518547
0.2338513 0.0330494 -0.9717106 -0.5218911 0.0070690 0.9993379 0.0356903 -0.2476874 0.9722467 -0.0152153 0.2334629 12.4530535
0.1728044 0.0371542 -0.9842552 -0.5436454 0.0089204 0.9991882 0.0392841 -0.2480834 0.9849159 -0.0155684 0.1723327 12.4543524
0.1098503 0.0406301 -0.9931174 -0.5589671 0.0092752 0.9990788 0.0418999 -0.2472427 0.9939049 -0.0138141 0.1093722 12.4541740
0.0451266 0.0462089 -0.9979122 -0.5832155 0.0112476 0.9988428 0.0467607 -0.2464155 0.9989181 -0.0133343 0.0445546 12.4534502
-0.0199017 0.0527906 -0.9984074 -0.5991333 0.0126615 0.9985383 0.0525452 -0.2459925 0.9997218 -0.0115956 -0.0205410 12.4505434
-0.0860242 0.0599302 -0.9944890 -0.6200137 0.0147050 0.9981568 0.0588793 -0.2454910 0.9961845 -0.0095589 -0.0867469 12.4467611
-0.1523049 0.0659598 -0.9861301 -0.6466565 0.0172414 0.9977960 0.0640772 -0.2442381 0.9881832 -0.0072430 -0.1531064 12.4404278
-0.2171921 0.0723679 -0.9734426 -0.6629968 0.0210472 0.9973634 0.0694502 -0.2439096 0.9759020 -0.0054042 -0.2181425 12.4347219
-0.2803972 0.0766004 -0.9568229 -0.6902673 0.0252634 0.9970544 0.0724178 -0.2422908 0.9595516 -0.0038669 -0.2815064 12.4241486
-0.3412396 0.0794513 -0.9366125 -0.7076936 0.0290327 0.9968368 0.0739824 -0.2417547 0.9395279 -0.0019467 -0.3424669 12.4155807
-0.3995072 0.0805206 -0.9131870 -0.7354569 0.0330476 0.9967526 0.0734312 -0.2400162 0.9161342 -0.0008424 -0.4008709 12.4006405
-0.4545505 0.0798290 -0.8871367 -0.7532043 0.0351230 0.9968075 0.0717015 -0.2383373 0.8900284 0.0014330 -0.4559032 12.3891983
-0.5058804 0.0799870 -0.8588873 -0.7765923 0.0374623 0.9967893 0.0707646 -0.2365665 0.8617899 0.0036225 -0.5072526 12.3735914
-0.5515007 0.0806483 -0.8302668 -0.8052588 0.0397792 0.9967258 0.0703942 -0.2346563 0.8332255 0.0057951 -0.5529031 12.3513784
-0.5920847 0.0806063 -0.8018343 -0.8232560 0.0402931 0.9967017 0.0704428 -0.2328924 0.8048677 0.0093998 -0.5933797 12.3360033
-0.6293864 0.0844257 -0.7724928 -0.8524752 0.0453448 0.9963770 0.0719495 -0.2306417 0.7757685 0.0102555 -0.6309344 12.3098679
-0.6655899 0.0904440 -0.7408172 -0.8721581 0.0530559 0.9958524 0.0739122 -0.2287598 0.7444295 0.0098905 -0.6676279 12.2901535
-0.7005863 0.0977089 -0.7068465 -0.9015536 0.0612639 0.9951593 0.0768416 -0.2271262 0.7109330 0.0105300 -0.7031810 12.2583714
-0.7341326 0.0979649 -0.6719019 -0.9209633 0.0633997 0.9951041 0.0758170 -0.2244267 0.6760398 0.0130614 -0.7367494 12.2358274
-0.7642069 0.0945607 -0.6380017 -0.9440632 0.0633073 0.9954149 0.0717039 -0.2222146 0.6418567 0.0144064 -0.7666892 12.2049046
