0.9999997 0.0007313 -0.0000777 0.0003282 -0.0007315 0.9999970 -0.0023595 0.0001295 0.0000760 0.0023596 0.9999972 0.0526667
0.9999982 0.0011027 0.0015594 -0.0004586 -0.0010997 0.9999975 -0.0019537 -0.0009987 -0.0015616 0.0019520 0.9999969 0.1069610
0.9999948 0.0004285 0.0031884 -0.0013148 -0.0004238 0.9999988 -0.0014844 -0.0022215 -0.0031890 0.0014831 0.9999938 0.1610692
0.9999953 -0.0002694 0.0030581 -0.0007954 0.0002746 0.9999985 -0.0017176 -0.0032525 -0.0030576 0.0017184 0.9999939 0.2161625
0.9999954 -0.0004596 0.0030107 -0.0004773 0.0004645 0.9999986 -0.0016294 -0.0044422 -0.0030100 0.0016308 0.9999942 0.2714019
0.9999958 -0.0001088 0.0029169 -0.0001363 0.0001164 0.9999965 -0.0026185 -0.0055039 -0.0029166 0.0026188 0.9999923 0.3268272
0.9999906 -0.0001889 0.0043171 -0.0008223 0.0002003 0.9999965 -0.0026398 -0.0068582 -0.0043166 0.0026406 0.9999872 0.3806927
0.9999900 -0.0009270 0.0043690 -0.0009495 0.0009317 0.9999990 -0.0010716 -0.0082183 -0.0043680 0.0010757 0.9999899 0.4353890
0.9999951 -0.0015447 0.0027503 -0.0010491 0.0015447 0.9999988 -0.0000158 -0.0095941 -0.0027503 0.0000200 0.9999962 0.4905874
0.9999967 -0.0025449 0.0003655 -0.0015922 0.0025451 0.9999967 -0.0005060 -0.0106645 -0.0003642 0.0005069 0.9999998 0.5444250
0.9999953 -0.0025482 -0.0017147 -0.0024100 0.0025473 0.9999966 -0.0005187 -0.0122303 0.0017160 0.0005143 0.9999984 0.5991465
0.9999924 -0.0020699 -0.0032895 -0.0023778 0.0020672 0.9999975 -0.0008285 -0.0130866 0.0032912 0.0008217 0.9999942 0.6540508
0.9999909 -0.0004831 -0.0042447 -0.0030626 0.0004776 0.9999990 -0.0013083 -0.0139923 0.0042454 0.0013062 0.9999901 0.7087585
0.9999884 -0.0008280 -0.0047514 -0.0039065 0.0008215 0.9999987 -0.0013791 -0.0149698 0.0047526 0.0013752 0.9999878 0.7632246
0.9999854 -0.0012534 -0.0052610 -0.0047103 0.0012505 0.9999990 -0.0005578 -0.0163070 0.0052617 0.0005512 0.9999860 0.8176498
0.9999806 -0.0018311 -0.0059550 -0.0054482 0.0018283 0.9999982 -0.0004817 -0.0173441 0.0059559 0.0004708 0.9999822 0.8721466
0.9999752 -0.0015326 -0.0068728 -0.0062911 0.0015241 0.9999981 -0.0012389 -0.0185692 0.0068747 0.0012284 0.9999756 0.9264822
0.9999682 -0.0020791 -0.0076967 -0.0073789 0.0020654 0.9999963 -0.0017821 -0.0199218 0.0077004 0.0017661 0.9999688 0.9798846
0.9999658 -0.0001520 -0.0082622 -0.0079231 0.0001400 0.9999989 -0.0014543 -0.0209325 0.0082624 0.0014531 0.9999648 1.0343140
0.9999521 -0.0012635 -0.0097085 -0.0086104 0.0012497 0.9999982 -0.0014247 -0.0223745 0.0097103 0.0014125 0.9999518 1.0886431
0.9999443 -0.0012670 -0.0104828 -0.0098329 0.0012456 0.9999971 -0.0020444 -0.0235646 0.0104854 0.0020313 0.9999430 1.1427968
0.9999282 -0.0008005 -0.0119532 -0.0105014 0.0007868 0.9999990 -0.0011510 -0.0246667 0.0119542 0.0011415 0.9999279 1.1968641
0.9999174 -0.0023853 -0.0126257 -0.0118056 0.0023935 0.9999970 0.0006301 -0.0259399 0.0126241 -0.0006603 0.9999201 1.2506897
0.9999099 -0.0021488 -0.0132536 -0.0131215 0.0021564 0.9999975 0.0005605 -0.0270003 0.0132524 -0.0005890 0.9999120 1.3046861
0.9998897 -0.0034556 -0.0144443 -0.0141393 0.0034535 0.9999940 -0.0001689 -0.0280451 0.0144448 0.0001190 0.9998956 1.3595946
0.9998810 -0.0029986 -0.0151319 -0.0156242 0.0029896 0.9999954 -0.0006185 -0.0297106 0.0151337 0.0005732 0.9998853 1.4141558
0.9998562 -0.0028943 -0.0167059 -0.0166755 0.0028789 0.9999954 -0.0009473 -0.0304910 0.0167086 0.0008990 0.9998600 1.4684995
0.9998469 -0.0033082 -0.0171827 -0.0180761 0.0033019 0.9999945 -0.0003923 -0.0316807 0.0171839 0.0003355 0.9998523 1.5229888
0.9998223 -0.0040799 -0.0184074 -0.0190668 0.0040824 0.9999917 0.0001009 -0.0330645 0.0184068 -0.0001761 0.9998305 1.5773448
0.9998105 -0.0043314 -0.0189766 -0.0207187 0.0043348 0.9999906 0.0001414 -0.0341919 0.0189758 -0.0002237 0.9998199 1.6318997
0.9997889 -0.0044048 -0.0200655 -0.0214383 0.0044048 0.9999903 -0.0000454 -0.0351648 0.0200655 -0.0000430 0.9997987 1.6859359
0.9997811 -0.0051256 -0.0202847 -0.0230764 0.0051412 0.9999865 0.0007166 -0.0364522 0.0202807 -0.0008208 0.9997940 1.7396871
0.9997799 -0.0046865 -0.0204508 -0.0245025 0.0047393 0.9999856 0.0025371 -0.0381211 0.0204386 -0.0026335 0.9997876 1.7936357
0.9997849 -0.0042174 -0.0203051 -0.0264154 0.0042728 0.9999872 0.0026834 -0.0385656 0.0202935 -0.0027696 0.9997903 1.8485317
0.9997805 -0.0034360 -0.0206690 -0.0277413 0.0034819 0.9999915 0.0021882 -0.0394272 0.0206613 -0.0022597 0.9997840 1.9023008
0.9997783 -0.0030928 -0.0208260 -0.0291538 0.0031423 0.9999923 0.0023464 -0.0406338 0.0208186 -0.0024114 0.9997804 1.9562399
0.9997984 -0.0000868 -0.0200807 -0.0311825 0.0001535 0.9999945 0.0033202 -0.0407884 0.0200803 -0.0033226 0.9997929 2.0118499
0.9998195 -0.0003780 -0.0189979 -0.0323547 0.0005162 0.9999734 0.0072744 -0.0423562 0.0189947 -0.0072829 0.9997931 2.0646563
0.9998531 -0.0000227 -0.0171368 -0.0341933 0.0001919 0.9999512 0.0098719 -0.0429324 0.0171357 -0.0098737 0.9998044 2.1193221
0.9998682 0.0011471 -0.0161932 -0.0349472 -0.0009307 0.9999102 0.0133667 -0.0435895 0.0162071 -0.0133498 0.9997795 2.1731510
0.9998880 0.0004406 -0.0149590 -0.0363074 -0.0002260 0.9998971 0.0143428 -0.0437425 0.0149638 -0.0143378 0.9997852 2.2273357
0.9999041 -0.0015786 -0.0137585 -0.0373382 0.0017496 0.9999213 0.0124227 -0.0439574 0.0137378 -0.0124456 0.9998282 2.2820089
0.9999204 -0.0003717 -0.0126122 -0.0384166 0.0005134 0.9999368 0.0112348 -0.0444670 0.0126072 -0.0112404 0.9998574 2.3362665
0.9999250 -0.0002824 -0.0122406 -0.0395414 0.0004173 0.9999391 0.0110216 -0.0450356 0.0122368 -0.0110259 0.9998643 2.3904037
0.9999208 -0.0004802 -0.0125732 -0.0404161 0.0006091 0.9999473 0.0102501 -0.0453196 0.0125676 -0.0102570 0.9998684 2.4448671
0.9999104 -0.0012808 -0.0133221 -0.0416380 0.0014033 0.9999568 0.0091929 -0.0459352 0.0133097 -0.0092108 0.9998690 2.4990227
0.9998830 -0.0008440 -0.0152734 -0.0427508 0.0009932 0.9999518 0.0097636 -0.0465680 0.0152644 -0.0097776 0.9998357 2.5535257
0.9998553 -0.0015614 -0.0169356 -0.0440343 0.0017464 0.9999390 0.0109100 -0.0470656 0.0169175 -0.0109380 0.9997970 2.6077371
0.9998280 -0.0016807 -0.0184696 -0.0453789 0.0018924 0.9999326 0.0114491 -0.0476042 0.0184491 -0.0114821 0.9997638 2.6619837
0.9998044 -0.0005728 -0.0197689 -0.0467455 0.0007894 0.9999397 0.0109482 -0.0479418 0.0197615 -0.0109617 0.9997447 2.7165556
0.9997839 -0.0004821 -0.0207851 -0.0482534 0.0007122 0.9999385 0.0110664 -0.0485143 0.0207785 -0.0110788 0.9997227 2.7707667
0.9997737 -0.0010960 -0.0212462 -0.0498075 0.0013142 0.9999465 0.0102579 -0.0488241 0.0212338 -0.0102835 0.9997216 2.8243854
0.9997623 -0.0017419 -0.0217330 -0.0513387 0.0019367 0.9999581 0.0089451 -0.0491843 0.0217166 -0.0089851 0.9997238 2.8803806
0.9997349 -0.0031678 -0.0228063 -0.0526755 0.0034170 0.9999348 0.0108960 -0.0501917 0.0227703 -0.0109710 0.9996805 2.9322329
0.9997203 -0.0031042 -0.0234436 -0.0544944 0.0034007 0.9999146 0.0126193 -0.0509687 0.0234025 -0.0126955 0.9996455 2.9873857
0.9997237 -0.0027435 -0.0233451 -0.0564729 0.0029971 0.9999368 0.0108365 -0.0513105 0.0233139 -0.0109034 0.9996687 3.0392172
0.9997206 -0.0007184 -0.0236268 -0.0580576 0.0009469 0.9999529 0.0096586 -0.0520150 0.0236187 -0.0096783 0.9996742 3.0947506
0.9997042 0.0014009 -0.0242793 -0.0594837 -0.0011598 0.9999499 0.0099378 -0.0523803 0.0242920 -0.0099067 0.9996558 3.1468856
0.9996892 0.0035324 -0.0246792 -0.0610949 -0.0032949 0.9999480 0.0096551 -0.0525440 0.0247121 -0.0095708 0.9996488 3.2021294
0.9996797 0.0046431 -0.0248762 -0.0626967 -0.0043852 0.9999362 0.0104093 -0.0533719 0.0249229 -0.0102969 0.9996364 3.2534058
0.9996751 0.0060069 -0.0247717 -0.0641654 -0.0057182 0.9999151 0.0117081 -0.0540628 0.0248399 -0.0115627 0.9996246 3.3083205
0.9997189 0.0070870 -0.0226259 -0.0662655 -0.0068189 0.9999059 0.0119049 -0.0544283 0.0227082 -0.0117473 0.9996731 3.3635089
0.9997888 0.0053354 -0.0198480 -0.0679980 -0.0051367 0.9999363 0.0100495 -0.0551950 0.0199003 -0.0099455 0.9997525 3.4105296
0.9998413 0.0030710 -0.0175508 -0.0692381 -0.0029864 0.9999838 0.0048417 -0.0556510 0.0175654 -0.0047885 0.9998342 3.4626107
0.9998723 0.0051881 -0.0151162 -0.0705363 -0.0051275 0.9999787 0.0040467 -0.0562070 0.0151369 -0.0039687 0.9998776 3.5143504
0.9999134 0.0030209 -0.0128105 -0.0713543 -0.0029181 0.9999635 0.0080356 -0.0571530 0.0128343 -0.0079975 0.9998857 3.5661421
0.9999496 0.0034686 -0.0094206 -0.0725798 -0.0033806 0.9999507 0.0093351 -0.0578259 0.0094525 -0.0093028 0.9999120 3.6164792
0.9999782 0.0033520 -0.0056948 -0.0734462 -0.0033081 0.9999648 0.0077030 -0.0585458 0.0057204 -0.0076840 0.9999541 3.6700678
0.9999942 0.0024252 -0.0024062 -0.0740232 -0.0024140 0.9999863 0.0046528 -0.0591109 0.0024175 -0.0046470 0.9999863 3.7167299
0.9999993 0.0007628 0.0009251 -0.0743462 -0.0007638 0.9999990 0.0011603 -0.0597362 -0.0009242 -0.0011610 0.9999989 3.7663085
0.9999909 0.0004004 0.0042341 -0.0744081 -0.0004009 0.9999999 0.0001224 -0.0606990 -0.0042340 -0.0001241 0.9999910 3.8155997
0.9999711 0.0001418 0.0076035 -0.0743813 -0.0001550 0.9999985 0.0017244 -0.0616712 -0.0076032 -0.0017255 0.9999696 3.8676386
0.9999335 0.0011994 0.0114737 -0.0745137 -0.0012250 0.9999968 0.0022223 -0.0625573 -0.0114710 -0.0022362 0.9999317 3.9136174
0.9998882 0.0007747 0.0149291 -0.0745259 -0.0007774 0.9999997 0.0001772 -0.0636501 -0.0149289 -0.0001888 0.9998885 3.9666159
0.9998254 0.0008452 0.0186672 -0.0742124 -0.0008109 0.9999980 -0.0018464 -0.0646728 -0.0186688 0.0018309 0.9998240 4.0110402
0.9997597 0.0005833 0.0219126 -0.0738162 -0.0005420 0.9999981 -0.0018880 -0.0660301 -0.0219136 0.0018757 0.9997581 4.0636892
0.9997036 -0.0004602 0.0243422 -0.0724890 0.0004857 0.9999993 -0.0010451 -0.0668543 -0.0243417 0.0010566 0.9997031 4.1084290
0.9996378 -0.0011623 0.0268846 -0.0715488 0.0011492 0.9999992 0.0005012 -0.0677569 -0.0268851 -0.0004701 0.9996384 4.1604686
0.9995533 -0.0013207 0.0298586 -0.0706399 0.0012601 0.9999971 0.0020483 -0.0687362 -0.0298612 -0.0020098 0.9995520 4.2051516
0.9994865 -0.0035803 0.0318427 -0.0695967 0.0034772 0.9999886 0.0032928 -0.0699501 -0.0318541 -0.0031804 0.9994875 4.2568841
0.9993902 -0.0045360 0.0346223 -0.0686661 0.0045168 0.9999896 0.0006324 -0.0706867 -0.0346248 -0.0004756 0.9994003 4.3091407
0.9993054 -0.0058661 0.0368025 -0.0675840 0.0059560 0.9999796 -0.0023332 -0.0718881 -0.0367881 0.0025508 0.9993199 4.3491745
0.9992568 -0.0050960 0.0382066 -0.0655172 0.0053004 0.9999722 -0.0052517 -0.0724180 -0.0381787 0.0054504 0.9992561 4.4020624
0.9991619 -0.0050777 0.0406165 -0.0649081 0.0053225 0.9999683 -0.0059201 -0.0739310 -0.0405851 0.0061313 0.9991572 4.4467621
0.9991626 -0.0050919 0.0405984 -0.0634510 0.0053065 0.9999725 -0.0051805 -0.0752763 -0.0405709 0.0053916 0.9991621 4.4992557
0.9991961 -0.0047627 0.0398047 -0.0622379 0.0049121 0.9999812 -0.0036575 -0.0760539 -0.0397865 0.0038500 0.9992008 4.5527911
0.9992462 -0.0055821 0.0384160 -0.0602131 0.0056640 0.9999819 -0.0020232 -0.0772593 -0.0384040 0.0022393 0.9992598 4.5940342
0.9993283 -0.0049819 0.0363070 -0.0589011 0.0050361 0.9999864 -0.0014007 -0.0781932 -0.0362995 0.0015826 0.9993397 4.6485105
0.9994120 -0.0042814 0.0340202 -0.0577133 0.0043156 0.9999903 -0.0009307 -0.0790869 -0.0340159 0.0010770 0.9994207 4.6940093
0.9995126 -0.0038867 0.0309766 -0.0568728 0.0039279 0.9999915 -0.0012681 -0.0799551 -0.0309715 0.0013891 0.9995193 4.7482457
0.9996418 -0.0026111 0.0266335 -0.0556967 0.0026598 0.9999949 -0.0017963 -0.0809155 -0.0266286 0.0018665 0.9996436 4.8034158
0.9997268 -0.0024605 0.0232438 -0.0555326 0.0024815 0.9999965 -0.0008730 -0.0822804 -0.0232415 0.0009305 0.9997295 4.8426733
0.9998153 -0.0017702 0.0191359 -0.0551012 0.0017706 0.9999985 -0.0000056 -0.0832869 -0.0191358 0.0000395 0.9998169 4.8976016
0.9998885 -0.0011858 0.0148820 -0.0545051 0.0011760 0.9999991 0.0006727 -0.0837937 -0.0148828 -0.0006551 0.9998890 4.9433231
0.9999474 -0.0013428 0.0101707 -0.0546880 0.0013289 0.9999982 0.0013697 -0.0847581 -0.0101725 -0.0013561 0.9999473 4.9970999
0.9999842 -0.0007667 0.0055686 -0.0546442 0.0007579 0.9999985 0.0015814 -0.0858351 -0.0055698 -0.0015771 0.9999833 5.0440679
0.9999999 -0.0002618 0.0004257 -0.0556536 0.0002611 0.9999987 0.0015471 -0.0866364 -0.0004261 -0.0015470 0.9999987 5.0986977
0.9999905 0.0006097 -0.0043133 -0.0556931 -0.0006048 0.9999992 0.0011359 -0.0875520 0.0043140 -0.0011333 0.9999900 5.1451025
0.9999555 0.0016413 -0.0092930 -0.0568944 -0.0016348 0.9999984 0.0007102 -0.0884240 0.0092941 -0.0006950 0.9999565 5.1991768
0.9999143 0.0038140 -0.0125241 -0.0579908 -0.0038055 0.9999925 0.0007030 -0.0895858 0.0125267 -0.0006553 0.9999213 5.2463050
0.9998785 0.0055561 -0.0145664 -0.0594924 -0.0055485 0.9999844 0.0005631 -0.0902215 0.0145693 -0.0004822 0.9998937 5.2969103
0.9998559 0.0068619 -0.0155245 -0.0610493 -0.0068565 0.9999764 0.0004009 -0.0914537 0.0155269 -0.0002944 0.9998794 5.3518429
0.9998200 0.0089217 -0.0167435 -0.0625203 -0.0089101 0.9999600 0.0007676 -0.0923603 0.0167496 -0.0006182 0.9998595 5.3995981
0.9997873 0.0103911 -0.0178168 -0.0639767 -0.0103665 0.9999452 0.0014701 -0.0932163 0.0178311 -0.0012851 0.9998402 5.4510512
0.9997779 0.0098928 -0.0186077 -0.0656831 -0.0098614 0.9999498 0.0017808 -0.0941681 0.0186244 -0.0015969 0.9998253 5.5062246
0.9997210 0.0137704 -0.0191925 -0.0675387 -0.0137039 0.9998996 0.0035939 -0.0947534 0.0192401 -0.0033298 0.9998093 5.5545926
0.9996955 0.0145938 -0.0198974 -0.0694293 -0.0144650 0.9998736 0.0066004 -0.0952970 0.0199912 -0.0063105 0.9997802 5.6095052
0.9996998 0.0135061 -0.0204428 -0.0710288 -0.0133784 0.9998902 0.0063719 -0.0963340 0.0205266 -0.0060965 0.9997707 5.6575804
0.9996950 0.0136681 -0.0205683 -0.0732240 -0.0135712 0.9998962 0.0048419 -0.0969173 0.0206324 -0.0045613 0.9997767 5.7134061
0.9997073 0.0106312 -0.0217314 -0.0743174 -0.0105075 0.9999280 0.0058000 -0.0975102 0.0217915 -0.0055700 0.9997470 5.7611737
0.9997110 0.0082834 -0.0225674 -0.0762222 -0.0081145 0.9999384 0.0075682 -0.0980964 0.0226287 -0.0073829 0.9997167 5.8164620
0.9997185 0.0053284 -0.0231174 -0.0772363 -0.0051091 0.9999415 0.0095362 -0.0986556 0.0231668 -0.0094154 0.9996873 5.8653736
0.9997348 0.0031215 -0.0228184 -0.0794810 -0.0028712 0.9999354 0.0109927 -0.0994174 0.0228512 -0.0109242 0.9996792 5.9213715
0.9997258 -0.0009020 -0.0233971 -0.0804351 0.0011051 0.9999618 0.0086695 -0.0996429 0.0233884 -0.0086930 0.9996887 5.9697680
0.9997209 -0.0037080 -0.0233334 -0.0821258 0.0038928 0.9999614 0.0078793 -0.1002456 0.0233033 -0.0079680 0.9996967 6.0218482
0.9997248 -0.0045717 -0.0230088 -0.0840508 0.0047596 0.9999557 0.0081205 -0.1011219 0.0229707 -0.0082278 0.9997023 6.0781984
0.9997281 -0.0052901 -0.0227068 -0.0857752 0.0054720 0.9999534 0.0079530 -0.1014163 0.0226637 -0.0080751 0.9997106 6.1269689
0.9997384 -0.0047012 -0.0223834 -0.0871901 0.0049280 0.9999370 0.0100857 -0.1020455 0.0223345 -0.0101934 0.9996986 6.1793284
0.9997556 -0.0027619 -0.0219373 -0.0889351 0.0030223 0.9999253 0.0118459 -0.1026642 0.0219030 -0.0119093 0.9996892 6.2362537
0.9997775 -0.0021353 -0.0209845 -0.0909363 0.0023423 0.9999488 0.0098443 -0.1030146 0.0209624 -0.0098913 0.9997314 6.2843156
0.9997943 -0.0014787 -0.0202264 -0.0930160 0.0016433 0.9999657 0.0081206 -0.1035631 0.0202137 -0.0081521 0.9997625 6.3361073
0.9998073 -0.0018830 -0.0195405 -0.0951439 0.0019906 0.9999830 0.0054883 -0.1042275 0.0195299 -0.0055261 0.9997940 6.3923259
0.9998077 -0.0028081 -0.0194104 -0.0962777 0.0028416 0.9999945 0.0016976 -0.1051312 0.0194056 -0.0017524 0.9998102 6.4402380
0.9998178 -0.0036631 -0.0187315 -0.0982354 0.0036245 0.9999912 -0.0020926 -0.1062526 0.0187390 0.0020244 0.9998224 6.4964967
0.9998163 -0.0032809 -0.0188842 -0.0992715 0.0032340 0.9999916 -0.0025175 -0.1073529 0.0188923 0.0024559 0.9998185 6.5439730
0.9998227 -0.0031550 -0.0185657 -0.1012577 0.0031143 0.9999927 -0.0022183 -0.1087774 0.0185726 0.0021601 0.9998252 6.6007948
0.9998136 -0.0030452 -0.0190686 -0.1023834 0.0030104 0.9999937 -0.0018515 -0.1096149 0.0190741 0.0017938 0.9998165 6.6470709
0.9998117 -0.0023472 -0.0192627 -0.1042245 0.0023320 0.9999970 -0.0008116 -0.1107681 0.0192645 0.0007665 0.9998142 6.7029824
0.9998079 -0.0019298 -0.0195064 -0.1057025 0.0019206 0.9999980 -0.0004902 -0.1113713 0.0195073 0.0004526 0.9998096 6.7504687
0.9997967 -0.0016751 -0.0200919 -0.1073572 0.0016638 0.9999985 -0.0005815 -0.1129899 0.0200928 0.0005480 0.9997979 6.8058734
0.9997748 -0.0016700 -0.0211586 -0.1084166 0.0016590 0.9999985 -0.0005357 -0.1136356 0.0211595 0.0005005 0.9997760 6.8523545
0.9997506 -0.0015648 -0.0222785 -0.1095436 0.0015766 0.9999986 0.0005146 -0.1143673 0.0222776 -0.0005496 0.9997517 6.9071050
0.9997503 -0.0008423 -0.0223323 -0.1119766 0.0008674 0.9999990 0.0011158 -0.1157500 0.0223314 -0.0011349 0.9997500 6.9547729
0.9997252 -0.0005982 -0.0234366 -0.1137668 0.0005950 0.9999998 -0.0001415 -0.1167498 0.0234367 0.0001276 0.9997253 7.0093479
0.9997157 -0.0000604 -0.0238445 -0.1154648 0.0000324 0.9999993 -0.0011737 -0.1177318 0.0238445 0.0011726 0.9997150 7.0562911
0.9997051 0.0007149 -0.0242739 -0.1174335 -0.0007390 0.9999992 -0.0009872 -0.1192020 0.0242732 0.0010049 0.9997048 7.1113367
0.9996868 0.0001285 -0.0250236 -0.1191390 -0.0001757 0.9999982 -0.0018853 -0.1202011 0.0250233 0.0018891 0.9996851 7.1590686
0.9996679 0.0007040 -0.0257582 -0.1212978 -0.0007811 0.9999952 -0.0029859 -0.1213428 0.0257560 0.0030050 0.9996638 7.2139626
0.9996546 0.0009520 -0.0262633 -0.1233053 -0.0010237 0.9999958 -0.0027171 -0.1224201 0.0262606 0.0027431 0.9996514 7.2613854
0.9996355 0.0011441 -0.0269756 -0.1253268 -0.0011892 0.9999979 -0.0016569 -0.1233754 0.0269736 0.0016884 0.9996347 7.3125024
0.9996203 0.0012811 -0.0275248 -0.1272328 -0.0013067 0.9999987 -0.0009106 -0.1246389 0.0275236 0.0009462 0.9996207 7.3633251
0.9995942 0.0019901 -0.0284187 -0.1295641 -0.0020084 0.9999978 -0.0006151 -0.1257569 0.0284174 0.0006719 0.9995959 7.4184046
0.9995680 0.0020156 -0.0293225 -0.1313207 -0.0020312 0.9999978 -0.0005028 -0.1266097 0.0293214 0.0005622 0.9995699 7.4655132
0.9995445 0.0025146 -0.0300735 -0.1333268 -0.0025514 0.9999961 -0.0011837 -0.1278990 0.0300704 0.0012599 0.9995470 7.5162354
0.9995391 0.0035040 -0.0301549 -0.1362480 -0.0035508 0.9999925 -0.0014990 -0.1292592 0.0301494 0.0016054 0.9995441 7.5714145
0.9995245 0.0039982 -0.0305735 -0.1380156 -0.0040425 0.9999909 -0.0013880 -0.1298542 0.0305677 0.0015109 0.9995316 7.6183119
0.9995126 0.0036800 -0.0310002 -0.1403673 -0.0037621 0.9999896 -0.0025899 -0.1310422 0.0309904 0.0027052 0.9995160 7.6684046
0.9995140 0.0019160 -0.0311122 -0.1425300 -0.0020564 0.9999878 -0.0044813 -0.1321907 0.0311032 0.0045431 0.9995059 7.7247233
0.9994975 -0.0009227 -0.0316828 -0.1439923 0.0008020 0.9999924 -0.0038249 -0.1334522 0.0316861 0.0037976 0.9994907 7.7710290
0.9994842 -0.0008415 -0.0321023 -0.1459589 0.0008396 0.9999996 -0.0000730 -0.1346293 0.0321023 0.0000460 0.9994846 7.8219733
0.9994862 -0.0012230 -0.0320281 -0.1483951 0.0013612 0.9999899 0.0042927 -0.1357151 0.0320225 -0.0043341 0.9994777 7.8778300
0.9994761 -0.0008539 -0.0323555 -0.1503256 0.0009697 0.9999931 0.0035658 -0.1365245 0.0323522 -0.0035953 0.9994701 7.9240294
0.9994843 0.0006357 -0.0321044 -0.1528309 -0.0006215 0.9999997 0.0004521 -0.1373051 0.0321047 -0.0004319 0.9994844 7.9745483
0.9994712 0.0015820 -0.0324786 -0.1549794 -0.0016388 0.9999972 -0.0017214 -0.1381529 0.0324757 0.0017737 0.9994709 8.0252590
0.9994696 0.0011584 -0.0325442 -0.1572385 -0.0012047 0.9999983 -0.0014012 -0.1393583 0.0325426 0.0014397 0.9994693 8.0755310
0.9994811 0.0008990 -0.0321987 -0.1597411 -0.0008977 0.9999996 0.0000565 -0.1407552 0.0321987 -0.0000275 0.9994815 8.1282682
0.9994760 0.0009149 -0.0323565 -0.1615661 -0.0008454 0.9999973 0.0021621 -0.1417379 0.0323584 -0.0021336 0.9994740 8.1748428
0.9995041 -0.0001691 -0.0314867 -0.1643096 0.0002527 0.9999964 0.0026513 -0.1425575 0.0314861 -0.0026580 0.9995006 8.2312317
0.9995407 0.0004314 -0.0303019 -0.1656902 -0.0003654 0.9999976 0.0021832 -0.1433980 0.0303028 -0.0021711 0.9995384 8.2739573
0.9995848 -0.0008517 -0.0288004 -0.1680706 0.0008689 0.9999995 0.0005847 -0.1444345 0.0287999 -0.0006095 0.9995850 8.3278770
0.9996140 -0.0010779 -0.0277613 -0.1694333 0.0010612 0.9999992 -0.0006169 -0.1454309 0.0277619 0.0005872 0.9996144 8.3723831
0.9996445 -0.0020406 -0.0265836 -0.1718783 0.0020213 0.9999977 -0.0007522 -0.1469510 0.0265851 0.0006982 0.9996463 8.4271479
0.9996806 -0.0013885 -0.0252326 -0.1731819 0.0013754 0.9999989 -0.0005374 -0.1474832 0.0252333 0.0005025 0.9996815 8.4702044
0.9997206 -0.0015716 -0.0235853 -0.1757835 0.0016088 0.9999975 0.0015611 -0.1491187 0.0235828 -0.0015986 0.9997206 8.5242548
0.9997434 -0.0005275 -0.0226463 -0.1766806 0.0005669 0.9999983 0.0017318 -0.1496430 0.0226454 -0.0017442 0.9997420 8.5678883
0.9997680 -0.0011790 -0.0215066 -0.1786107 0.0012177 0.9999977 0.0017907 -0.1507363 0.0215045 -0.0018165 0.9997671 8.6213865
0.9997820 -0.0005150 -0.0208745 -0.1794136 0.0005601 0.9999975 0.0021565 -0.1517489 0.0208734 -0.0021677 0.9997798 8.6635895
0.9998044 -0.0006928 -0.0197667 -0.1812101 0.0007390 0.9999970 0.0023313 -0.1527497 0.0197650 -0.0023455 0.9998019 8.7166491
0.9998217 -0.0000201 -0.0188817 -0.1827774 0.0000602 0.9999977 0.0021246 -0.1539474 0.0188817 -0.0021254 0.9998195 8.7693920
0.9998358 -0.0003472 -0.0181154 -0.1836622 0.0003834 0.9999980 0.0019913 -0.1544688 0.0181146 -0.0019979 0.9998339 8.8053408
0.9998384 -0.0014482 -0.0179195 -0.1850758 0.0014886 0.9999964 0.0022423 -0.1554894 0.0179162 -0.0022686 0.9998369 8.8568497
0.9998527 -0.0012047 -0.0171231 -0.1864723 0.0012598 0.9999940 0.0032060 -0.1565915 0.0171191 -0.0032271 0.9998482 8.8974495
0.9998454 -0.0019384 -0.0174743 -0.1881372 0.0020083 0.9999900 0.0039837 -0.1576724 0.0174664 -0.0040182 0.9998394 8.9476871
0.9998370 -0.0014731 -0.0179926 -0.1892828 0.0015432 0.9999912 0.0038846 -0.1583441 0.0179868 -0.0039118 0.9998305 8.9864683
0.9998220 -0.0012343 -0.0188268 -0.1903852 0.0012902 0.9999948 0.0029529 -0.1595178 0.0188231 -0.0029767 0.9998184 9.0353746
0.9998209 -0.0009759 -0.0188986 -0.1920047 0.0010171 0.9999971 0.0021688 -0.1602317 0.0188964 -0.0021876 0.9998190 9.0733194
0.9998021 -0.0010123 -0.0198689 -0.1932394 0.0010513 0.9999976 0.0019522 -0.1613163 0.0198669 -0.0019727 0.9998007 9.1206808
0.9997804 -0.0015622 -0.0208971 -0.1945909 0.0016077 0.9999964 0.0021632 -0.1622236 0.0208936 -0.0021964 0.9997793 9.1573610
0.9997444 -0.0019172 -0.0225285 -0.1960223 0.0019841 0.9999937 0.0029470 -0.1629886 0.0225227 -0.0029910 0.9997419 9.1989756
0.9996862 -0.0031245 -0.0248537 -0.1975840 0.0032390 0.9999843 0.0045665 -0.1640751 0.0248390 -0.0046456 0.9996807 9.2444630
0.9996356 -0.0028607 -0.0268410 -0.1987748 0.0030262 0.9999766 0.0061256 -0.1646196 0.0268228 -0.0062046 0.9996210 9.2813826
0.9995806 -0.0026214 -0.0288406 -0.2008581 0.0028200 0.9999726 0.0068451 -0.1658990 0.0288218 -0.0069236 0.9995606 9.3256187
0.9995010 -0.0020026 -0.0315240 -0.2023111 0.0021883 0.9999804 0.0058575 -0.1661046 0.0315117 -0.0059236 0.9994859 9.3606577
0.9994043 -0.0019324 -0.0344568 -0.2042514 0.0021396 0.9999799 0.0059777 -0.1669018 0.0344446 -0.0060479 0.9993883 9.4040480
0.9992942 -0.0015417 -0.0375325 -0.2056938 0.0017733 0.9999796 0.0061380 -0.1673907 0.0375222 -0.0062002 0.9992766 9.4372559
0.9991797 -0.0013543 -0.0404735 -0.2080205 0.0015894 0.9999821 0.0057771 -0.1682301 0.0404649 -0.0058367 0.9991639 9.4774532
0.9990529 -0.0009067 -0.0435031 -0.2095944 0.0011422 0.9999849 0.0053877 -0.1687824 0.0434975 -0.0054323 0.9990388 9.5099907
0.9988921 -0.0013162 -0.0470396 -0.2117665 0.0015231 0.9999893 0.0043643 -0.1693972 0.0470334 -0.0044311 0.9988835 9.5488091
0.9987518 -0.0001007 -0.0499474 -0.2136879 0.0003150 0.9999908 0.0042817 -0.1701058 0.0499465 -0.0042921 0.9987427 9.5788555
0.9985945 0.0002011 -0.0530009 -0.2159040 -0.0000005 0.9999928 0.0037842 -0.1708773 0.0530013 -0.0037789 0.9985873 9.6117496
0.9984722 0.0019035 -0.0552241 -0.2181752 -0.0017204 0.9999928 0.0033635 -0.1713817 0.0552301 -0.0032633 0.9984683 9.6441097
0.9984064 0.0025920 -0.0563743 -0.2203912 -0.0023801 0.9999899 0.0038254 -0.1721510 0.0563837 -0.0036851 0.9984024 9.6793194
0.9984450 0.0025659 -0.0556864 -0.2225304 -0.0022955 0.9999853 0.0049178 -0.1727750 0.0556982 -0.0047824 0.9984362 9.7064009
0.9984506 0.0024809 -0.0555903 -0.2247698 -0.0021788 0.9999825 0.0054939 -0.1735117 0.0556029 -0.0053643 0.9984385 9.7393160
0.9984865 0.0025995 -0.0549371 -0.2265286 -0.0023095 0.9999831 0.0053414 -0.1740344 0.0549501 -0.0052064 0.9984756 9.7659264
0.9985120 0.0028144 -0.0544595 -0.2288454 -0.0026345 0.9999908 0.0033758 -0.1747564 0.0544685 -0.0032273 0.9985103 9.7985954
0.9985541 0.0028426 -0.0536809 -0.2303468 -0.0027798 0.9999954 0.0012439 -0.1752221 0.0536842 -0.0010928 0.9985574 9.8238258
0.9986160 0.0032835 -0.0524911 -0.2324707 -0.0032962 0.9999946 -0.0001555 -0.1758850 0.0524903 0.0003283 0.9986214 9.8558416
0.9986788 0.0040303 -0.0512288 -0.2337957 -0.0040904 0.9999911 -0.0010683 -0.1760350 0.0512240 0.0012765 0.9986864 9.8815832
0.9987463 0.0035073 -0.0499344 -0.2355461 -0.0035302 0.9999937 -0.0003699 -0.1772638 0.0499328 0.0005458 0.9987524 9.9128685
0.9988631 0.0028586 -0.0475856 -0.2374181 -0.0029027 0.9999954 -0.0008580 -0.1776743 0.0475830 0.0009952 0.9988668 9.9379797
0.9989543 0.0031818 -0.0456094 -0.2392849 -0.0032263 0.9999944 -0.0009010 -0.1784520 0.0456062 0.0010472 0.9989589 9.9696865
0.9990483 0.0025080 -0.0435457 -0.2405997 -0.0025655 0.9999959 -0.0012647 -0.1790180 0.0435423 0.0013752 0.9990506 9.9943333
0.9991741 0.0022528 -0.0405721 -0.2422770 -0.0022833 0.9999971 -0.0007058 -0.1798957 0.0405704 0.0007978 0.9991764 10.0252981
0.9992890 0.0013860 -0.0376768 -0.2432809 -0.0013891 0.9999990 -0.0000566 -0.1803364 0.0376766 0.0001089 0.9992900 10.0499620
0.9993969 0.0005648 -0.0347221 -0.2446815 -0.0005706 0.9999998 -0.0001573 -0.1807566 0.0347220 0.0001770 0.9993970 10.0812159
0.9994938 0.0005122 -0.0318110 -0.2456458 -0.0005035 0.9999998 0.0002805 -0.1815642 0.0318111 -0.0002644 0.9994938 10.1051092
0.9995771 -0.0001692 -0.0290790 -0.2467138 0.0001549 0.9999999 -0.0004937 -0.1819997 0.0290791 0.0004890 0.9995770 10.1354284
0.9996718 -0.0001340 -0.0256197 -0.2478971 0.0001257 0.9999999 -0.0003270 -0.1827509 0.0256198 0.0003237 0.9996717 10.1596165
0.9997374 0.0001578 -0.0229167 -0.2488354 -0.0001700 0.9999998 -0.0005329 -0.1837431 0.0229167 0.0005366 0.9997373 10.1898737
0.9998005 0.0007797 -0.0199584 -0.2496526 -0.0008168 0.9999980 -0.0018508 -0.1837928 0.0199569 0.0018667 0.9997991 10.2139673
0.9998574 0.0012636 -0.0168386 -0.2506841 -0.0012850 0.9999984 -0.0012624 -0.1843854 0.0168370 0.0012838 0.9998574 10.2450762
0.9998902 0.0011529 -0.0147734 -0.2510123 -0.0011595 0.9999992 -0.0004331 -0.1849468 0.0147729 0.0004502 0.9998907 10.2696323
0.9999171 0.0007614 -0.0128498 -0.2517114 -0.0007659 0.9999996 -0.0003402 -0.1856648 0.0128496 0.0003500 0.9999174 10.3011103
0.9999420 0.0013355 -0.0106869 -0.2521573 -0.0013587 0.9999967 -0.0021626 -0.1860926 0.0106840 0.0021769 0.9999406 10.3258219
0.9999599 0.0018275 -0.0087661 -0.2529441 -0.0018686 0.9999873 -0.0046763 -0.1865792 0.0087574 0.0046925 0.9999506 10.3572760
0.9999670 -0.0000684 -0.0081260 -0.2532608 0.0000173 0.9999803 -0.0062838 -0.1872281 0.0081263 0.0062834 0.9999472 10.3823357
0.9999709 0.0001991 -0.0076358 -0.2541631 -0.0002496 0.9999781 -0.0066196 -0.1879419 0.0076343 0.0066213 0.9999489 10.4145422
0.9999720 -0.0008546 -0.0074331 -0.2545522 0.0008027 0.9999753 -0.0069825 -0.1886716 0.0074389 0.0069763 0.9999480 10.4397097
0.9999703 0.0008844 -0.0076548 -0.2550528 -0.0009404 0.9999728 -0.0073231 -0.1893637 0.0076481 0.0073301 0.9999439 10.4690800
0.9999728 0.0014000 -0.0072349 -0.2557033 -0.0014560 0.9999689 -0.0077462 -0.1900493 0.0072238 0.0077565 0.9999439 10.4986601
0.9999745 0.0001950 -0.0071409 -0.2562211 -0.0002633 0.9999542 -0.0095710 -0.1908254 0.0071387 0.0095726 0.9999287 10.5286407
0.9999712 -0.0028773 -0.0070244 -0.2565125 0.0027922 0.9999229 -0.0120980 -0.1915939 0.0070587 0.0120781 0.9999021 10.5631685
0.9999586 -0.0067697 -0.0060876 -0.2572165 0.0066928 0.9998986 -0.0125685 -0.1921859 0.0061721 0.0125272 0.9999025 10.5881987
0.9999753 -0.0041853 -0.0056446 -0.2578717 0.0041314 0.9999462 -0.0095134 -0.1926793 0.0056841 0.0094899 0.9999388 10.6233931
0.9999879 -0.0001101 -0.0049236 -0.2586848 0.0000946 0.9999951 -0.0031508 -0.1933519 0.0049240 0.0031503 0.9999829 10.6492214
0.9999883 -0.0011088 -0.0047086 -0.2589612 0.0011108 0.9999993 0.0004256 -0.1943123 0.0047081 -0.0004308 0.9999888 10.6844540
0.9999956 -0.0019301 -0.0022492 -0.2591012 0.0019268 0.9999971 -0.0014489 -0.1952212 0.0022520 0.0014445 0.9999964 10.7190514
0.9999971 -0.0011162 0.0021448 -0.2598635 0.0011322 0.9999714 -0.0074710 -0.1955149 -0.0021364 0.0074734 0.9999698 10.7425117
0.9999797 0.0006813 0.0063348 -0.2605131 -0.0006095 0.9999356 -0.0113341 -0.1962370 -0.0063421 0.0113300 0.9999157 10.7779350
0.9999523 0.0023479 0.0094836 -0.2606355 -0.0022459 0.9999396 -0.0107542 -0.1968907 -0.0095082 0.0107324 0.9998972 10.8059330
0.9999228 0.0006603 0.0124061 -0.2605372 -0.0005548 0.9999636 -0.0085081 -0.1977888 -0.0124113 0.0085006 0.9998869 10.8426151
0.9998736 -0.0021011 0.0157571 -0.2604227 0.0021896 0.9999819 -0.0055984 -0.1984251 -0.0157451 0.0056322 0.9998602 10.8708439
0.9998302 -0.0040978 0.0179671 -0.2596930 0.0041751 0.9999822 -0.0042643 -0.1990980 -0.0179493 0.0043386 0.9998295 10.9080038
0.9997597 -0.0038104 0.0215884 -0.2597332 0.0038903 0.9999858 -0.0036612 -0.1998063 -0.0215741 0.0037443 0.9997603 10.9366083
0.9996988 -0.0019267 0.0244686 -0.2603722 0.0020562 0.9999840 -0.0052688 -0.2008957 -0.0244580 0.0053176 0.9996867 10.9731264
0.9996535 -0.0006289 0.0263161 -0.2588625 0.0008358 0.9999688 -0.0078508 -0.2015375 -0.0263103 0.0078701 0.9996228 11.0026312
0.9995583 0.0001465 0.0297197 -0.2589681 0.0001000 0.9999656 -0.0082935 -0.2021535 -0.0297199 0.0082928 0.9995239 11.0401955
0.9994963 0.0001862 0.0317341 -0.2578243 0.0000031 0.9999822 -0.0059673 -0.2031276 -0.0317346 0.0059644 0.9994785 11.0688210
0.9994034 0.0022544 0.0344652 -0.2567654 -0.0020934 0.9999867 -0.0047071 -0.2039897 -0.0344753 0.0046322 0.9993948 11.1066227
0.9992626 0.0028421 0.0382893 -0.2568575 -0.0026484 0.9999834 -0.0051089 -0.2043764 -0.0383032 0.0050038 0.9992536 11.1351786
0.9991387 0.0038472 0.0413182 -0.2561659 -0.0036129 0.9999770 -0.0057428 -0.2048672 -0.0413394 0.0055886 0.9991295 11.1728506
0.9990625 0.0015554 0.0432619 -0.2544374 -0.0012907 0.9999803 -0.0061455 -0.2058348 -0.0432706 0.0060839 0.9990448 11.2018251
0.9990059 -0.0017352 0.0445449 -0.2528748 0.0019769 0.9999835 -0.0053811 -0.2066246 -0.0445349 0.0054638 0.9989929 11.2403126
0.9989368 -0.0023873 0.0460396 -0.2520397 0.0026455 0.9999811 -0.0055470 -0.2073689 -0.0460254 0.0056629 0.9989242 11.2685328
0.9988967 -0.0030514 0.0468626 -0.2512271 0.0033208 0.9999784 -0.0056714 -0.2081589 -0.0468443 0.0058207 0.9988853 11.3056116
0.9988883 -0.0031289 0.0470353 -0.2497773 0.0033862 0.9999797 -0.0053920 -0.2090391 -0.0470175 0.0055453 0.9988787 11.3353939
0.9989260 -0.0024554 0.0462694 -0.2479050 0.0026828 0.9999846 -0.0048534 -0.2099513 -0.0462567 0.0049723 0.9989172 11.3740826
0.9989176 -0.0021865 0.0464625 -0.2474831 0.0024130 0.9999855 -0.0048191 -0.2104445 -0.0464512 0.0049260 0.9989084 11.4025822
0.9989709 -0.0025151 0.0452863 -0.2464193 0.0027715 0.9999805 -0.0055994 -0.2114559 -0.0452713 0.0057191 0.9989583 11.4412813
0.9990570 -0.0023243 0.0433551 -0.2452353 0.0025993 0.9999768 -0.0062893 -0.2122905 -0.0433395 0.0063961 0.9990399 11.4694157
0.9991666 -0.0009411 0.0408072 -0.2435154 0.0012758 0.9999657 -0.0081774 -0.2125893 -0.0407981 0.0082227 0.9991336 11.5085955
0.9991799 -0.0002651 0.0404908 -0.2435378 0.0005649 0.9999725 -0.0073935 -0.2138967 -0.0404877 0.0074103 0.9991525 11.5358753
0.9992622 0.0009260 0.0383956 -0.2424294 -0.0006256 0.9999691 -0.0078357 -0.2149568 -0.0384016 0.0078059 0.9992319 11.5740366
0.9993166 0.0016137 0.0369273 -0.2423015 -0.0013631 0.9999759 -0.0068118 -0.2159617 -0.0369374 0.0067568 0.9992948 11.6015263
0.9994407 0.0019118 0.0333876 -0.2408482 -0.0017197 0.9999818 -0.0057825 -0.2167834 -0.0333981 0.0057219 0.9994258 11.6401739
0.9995515 0.0003835 0.0299425 -0.2409180 -0.0002848 0.9999945 -0.0032996 -0.2174715 -0.0299436 0.0032896 0.9995462 11.6681128
0.9996850 -0.0009913 0.0250797 -0.2403452 0.0010287 0.9999984 -0.0014747 -0.2185952 -0.0250782 0.0015000 0.9996844 11.7056189
0.9997903 -0.0015779 0.0204161 -0.2401445 0.0015822 0.9999987 -0.0001950 -0.2191696 -0.0204158 0.0002272 0.9997916 11.7334557
0.9998736 -0.0017795 0.0157963 -0.2401849 0.0017720 0.9999983 0.0004856 -0.2199681 -0.0157971 -0.0004575 0.9998751 11.7708673
0.9999351 -0.0023764 0.0111426 -0.2401980 0.0023666 0.9999968 0.0008957 -0.2205347 -0.0111447 -0.0008692 0.9999375 11.7970572
0.9999744 -0.0033056 0.0063527 -0.2406016 0.0033000 0.9999942 0.0008928 -0.2212057 -0.0063557 -0.0008718 0.9999794 11.8338528
0.9999898 -0.0035446 0.0028003 -0.2408691 0.0035427 0.9999935 0.0006955 -0.2218170 -0.0028028 -0.0006856 0.9999958 11.8585882
0.9999931 -0.0034273 -0.0014499 -0.2411653 0.0034281 0.9999940 0.0005471 -0.2227738 0.0014480 -0.0005520 0.9999988 11.8929663
0.9999826 -0.0029282 -0.0051180 -0.2418871 0.0029295 0.9999956 0.0002518 -0.2230467 0.0051173 -0.0002668 0.9999869 11.9179029
0.9999563 -0.0035470 -0.0086470 -0.2427864 0.0035540 0.9999934 0.0007965 -0.2240625 0.0086441 -0.0008272 0.9999623 11.9489450
0.9999130 -0.0040864 -0.0125385 -0.2436077 0.0040811 0.9999916 -0.0004513 -0.2243798 0.0125402 0.0004001 0.9999213 11.9728441
0.9998508 -0.0023126 -0.0171164 -0.2452037 0.0022786 0.9999954 -0.0020060 -0.2254529 0.0171210 0.0019667 0.9998515 12.0033216
0.9997287 -0.0010977 -0.0232668 -0.2460805 0.0010063 0.9999917 -0.0039383 -0.2256779 0.0232710 0.0039138 0.9997215 12.0245590
0.9994963 -0.0003173 -0.0317323 -0.2475045 0.0001349 0.9999835 -0.0057499 -0.2263845 0.0317336 0.0057428 0.9994799 12.0545263
0.9991263 -0.0004086 -0.0417925 -0.2488397 0.0001240 0.9999768 -0.0068130 -0.2270591 0.0417943 0.0068019 0.9991031 12.0737514
0.9984728 0.0000985 -0.0552463 -0.2510249 -0.0004815 0.9999759 -0.0069192 -0.2281033 0.0552443 0.0069352 0.9984488 12.1018610
0.9974484 0.0012316 -0.0713810 -0.2531335 -0.0016979 0.9999776 -0.0064722 -0.2284475 0.0713714 0.0065769 0.9974281 12.1203947
0.9958198 0.0040333 -0.0912508 -0.2565064 -0.0045833 0.9999726 -0.0058184 -0.2290723 0.0912248 0.0062124 0.9958109 12.1469612
0.9934822 0.0056524 -0.1138474 -0.2600176 -0.0063238 0.9999647 -0.0055373 -0.2302557 0.1138121 0.0062211 0.9934828 12.1727228
0.9904259 0.0067206 -0.1378819 -0.2630061 -0.0075841 0.9999548 -0.0057385 -0.2303359 0.1378371 0.0067293 0.9904321 12.1859789
0.9862173 0.0082825 -0.1652481 -0.2678870 -0.0092230 0.9999453 -0.0049251 -0.2313074 0.1651983 0.0063813 0.9862397 12.2092876
0.9806701 0.0093987 -0.1954425 -0.2719529 -0.0104055 0.9999374 -0.0041248 -0.2313514 0.1953915 0.0060787 0.9807065 12.2262287
0.9733640 0.0088034 -0.2290961 -0.2780099 -0.0095896 0.9999513 -0.0023186 -0.2317946 0.2290645 0.0044538 0.9734011 12.2493973
0.9643455 0.0094953 -0.2644760 -0.2831912 -0.0099995 0.9999499 -0.0005602 -0.2320700 0.2644574 0.0031848 0.9643921 12.2657928
0.9533370 0.0101823 -0.3017365 -0.2907732 -0.0100309 0.9999476 0.0020513 -0.2327653 0.3017416 0.0010711 0.9533891 12.2876692
0.9403861 0.0119328 -0.3398993 -0.2967713 -0.0109347 0.9999284 0.0048519 -0.2330500 0.3399329 -0.0008460 0.9404494 12.3021307
0.9254346 0.0120489 -0.3787158 -0.3058395 -0.0101120 0.9999236 0.0071029 -0.2337030 0.3787724 -0.0027437 0.9254858 12.3208113
0.9080968 0.0126114 -0.4185704 -0.3132787 -0.0098728 0.9999133 0.0087079 -0.2333928 0.4186440 -0.0037752 0.9081426 12.3357430
0.8882214 0.0118997 -0.4592615 -0.3240800 -0.0081547 0.9999154 0.0101371 -0.2338067 0.4593433 -0.0052589 0.8882433 12.3541603
0.8653212 0.0115532 -0.5010847 -0.3328137 -0.0070490 0.9999160 0.0108815 -0.2335898 0.5011683 -0.0058839 0.8653299 12.3674545
0.8397577 0.0111434 -0.5428470 -0.3448915 -0.0053281 0.9999104 0.0122834 -0.2336487 0.5429353 -0.0074228 0.8397418 12.3841362
0.8113246 0.0115176 -0.5844824 -0.3555074 -0.0039703 0.9998914 0.0141923 -0.2339685 0.5845824 -0.0091940 0.8112822 12.3961182
0.7795535 0.0132251 -0.6261960 -0.3695259 -0.0047562 0.9998732 0.0151960 -0.2341963 0.6263176 -0.0088678 0.7795176 12.4114723
0.7452862 0.0122403 -0.6666323 -0.3817286 -0.0027985 0.9998801 0.0152304 -0.2341729 0.6667387 -0.0094854 0.7452311 12.4219980
0.7071919 0.0110430 -0.7069354 -0.3970618 0.0014501 0.9998533 0.0170693 -0.2340542 0.7070202 -0.0130964 0.7070721 12.4347639
0.6644235 0.0107054 -0.7472796 -0.4105206 0.0071396 0.9997609 0.0206703 -0.2340023 0.7473222 -0.0190692 0.6641881 12.4451981
0.6178871 0.0115045 -0.7861827 -0.4280396 0.0111579 0.9996639 0.0233978 -0.2340082 0.7861876 -0.0232294 0.6175511 12.4560051
0.5673636 0.0154140 -0.8233231 -0.4413948 0.0101938 0.9996167 0.0257393 -0.2339930 0.8234043 -0.0229963 0.5669889 12.4639158
0.5154157 0.0218382 -0.8566620 -0.4604359 0.0052866 0.9995752 0.0286621 -0.2337871 0.8569240 -0.0193018 0.5150812 12.4723253
0.4614154 0.0259591 -0.8868043 -0.4750018 0.0026440 0.9995272 0.0306345 -0.2338742 0.8871803 -0.0164799 0.4611286 12.4774265
0.4043052 0.0285776 -0.9141775 -0.4937725 0.0022710 0.9994773 0.0322484 -0.2339058 0.9146213 -0.0151143 0.4040290 12.4844007
0.3471480 0.0300041 -0.9373302 -0.5098779 0.0040846 0.9994302 0.0335047 -0.2329103 0.9378014 -0.0154597 0.3468277 12.4886732
0.2897966 0.0339367 -0.9564864 -0.5307107 0.0057919 0.9992906 0.0372103 -0.2331419 0.9570707 -0.0163233 0.2893944 12.4922371
0.2314641 0.0369871 -0.9721400 -0.5470881 0.0084741 0.9991624 0.0400329 -0.2323610 0.9728065 -0.0175041 0.2309568 12.4943314
0.1699456 0.0410831 -0.9845967 -0.5684621 0.0108655 0.9989918 0.0435591 -0.2326310 0.9853936 -0.0181008 0.1693279 12.4960127
0.1074162 0.0444516 -0.9932199 -0.5863155 0.0112291 0.9988821 0.0459194 -0.2316657 0.9941507 -0.0160855 0.1067970 12.4953814
0.0430841 0.0502411 -0.9978074 -0.6104952 0.0130804 0.9986208 0.0508468 -0.2309900 0.9989858 -0.0152424 0.0423675 12.4942017
-0.0223080 0.0567240 -0.9981406 -0.6285530 0.0151567 0.9982935 0.0563939 -0.2303000 0.9996362 -0.0138705 -0.0231297 12.4915352
-0.0885638 0.0633180 -0.9940559 -0.6507422 0.0175669 0.9979216 0.0619991 -0.2293051 0.9959155 -0.0119716 -0.0894920 12.4875050
-0.1543726 0.0700035 -0.9855297 -0.6730947 0.0203824 0.9975001 0.0676611 -0.2286281 0.9878025 -0.0096425 -0.1554135 12.4817362
-0.2202229 0.0756994 -0.9725079 -0.6996422 0.0244038 0.9970997 0.0720874 -0.2271761 0.9751443 -0.0078576 -0.2214316 12.4739504
-0.2830324 0.0801765 -0.9557531 -0.7200532 0.0287473 0.9967613 0.0751035 -0.2262414 0.9586793 -0.0062186 -0.2844206 12.4655685
-0.3436418 0.0829284 -0.9354321 -0.7433834 0.0330133 0.9965445 0.0762184 -0.2250128 0.9385204 -0.0046899 -0.3451921 12.4544029
-0.4018410 0.0833718 -0.9119062 -0.7671976 0.0364929 0.9965136 0.0750262 -0.2232728 0.9149820 -0.0031295 -0.4034825 12.4414148
-0.4568569 0.0838004 -0.8855841 -0.7946439 0.0397433 0.9964815 0.0737915 -0.2214097 0.8886519 -0.0014839 -0.4585799 12.4245176
-0.5082877 0.0831653 -0.8571623 -0.8165889 0.0417219 0.9965354 0.0719472 -0.2191111 0.8601761 0.0008074 -0.5099965 12.4097586
-0.5538006 0.0835404 -0.8284479 -0.8443160 0.0434130 0.9964979 0.0714658 -0.2173204 0.8315169 0.0036124 -0.5554878 12.3879862
-0.5944003 0.0842059 -0.7997483 -0.8660946 0.0451797 0.9964287 0.0713353 -0.2154531 0.8028989 0.0062693 -0.5960819 12.3698235
-0.6317170 0.0876275 -0.7702304 -0.8958983 0.0497487 0.9961251 0.0725248 -0.2129828 0.7736011 0.0074972 -0.6336285 12.3431301
-0.6677397 0.0946550 -0.7383523 -0.9169292 0.0587601 0.9954899 0.0744788 -0.2111822 0.7420720 0.0063468 -0.6702901 12.3219604
-0.7030647 0.1020907 -0.7037596 -0.9463120 0.0669359 0.9947481 0.0774331 -0.2097592 0.7079687 0.0073337 -0.7062058 12.2905750
-0.7362264 0.1029877 -0.6688529 -0.9684796 0.0698342 0.9946377 0.0762823 -0.2069980 0.6731225 0.0094523 -0.7394706 12.2650490
-0.7666358 0.0986746 -0.6344548 -0.9975090 0.0687727 0.9950556 0.0716569 -0.2039087 0.6383885 0.0113016 -0.7696313 12.2278194
