0.9999998 0.0004107 -0.0004075 0.0015560 -0.0004109 0.9999998 -0.0005624 -0.0013383 0.0004072 0.0005626 0.9999998 0.0619937
0.9999997 0.0007888 0.0000934 0.0020329 -0.0007887 0.9999994 -0.0007147 -0.0019076 -0.0000939 0.0007146 0.9999998 0.1239462
0.9999999 -0.0003376 -0.0001041 0.0027593 0.0003375 0.9999999 -0.0002588 -0.0030473 0.0001042 0.0002588 0.9999999 0.1856762
0.9999997 -0.0006840 0.0003584 0.0029081 0.0006843 0.9999992 -0.0010182 -0.0035563 -0.0003577 0.0010185 0.9999994 0.2469032
0.9999977 -0.0007306 0.0019855 0.0021650 0.0007312 0.9999997 -0.0002985 -0.0052096 -0.0019853 0.0002999 0.9999980 0.3081333
0.9999985 -0.0000818 0.0017406 0.0027244 0.0000840 0.9999992 -0.0012819 -0.0062423 -0.0017405 0.0012820 0.9999977 0.3692316
0.9999980 -0.0002925 0.0019636 0.0026690 0.0002949 0.9999992 -0.0012484 -0.0076100 -0.0019632 0.0012489 0.9999973 0.4293310
0.9999902 -0.0007053 0.0043673 0.0006320 0.0007062 0.9999997 -0.0002045 -0.0085298 -0.0043672 0.0002076 0.9999905 0.4889372
0.9999921 -0.0012972 0.0037643 -0.0004155 0.0012956 0.9999990 0.0004445 -0.0096637 -0.0037649 -0.0004396 0.9999928 0.5489829
0.9999969 -0.0024257 0.0005927 -0.0002816 0.0024257 0.9999971 -0.0000469 -0.0105469 -0.0005925 0.0000484 0.9999998 0.6099156
0.9999962 -0.0023410 -0.0014643 -0.0011617 0.0023407 0.9999973 -0.0002161 -0.0120663 0.0014648 0.0002126 0.9999989 0.6670429
0.9999844 -0.0017117 -0.0053093 0.0012989 0.0017080 0.9999983 -0.0006930 -0.0125570 0.0053105 0.0006839 0.9999857 0.7315373
0.9999847 0.0001478 -0.0055338 0.0003247 -0.0001538 0.9999994 -0.0010793 -0.0135069 0.0055337 0.0010801 0.9999841 0.7897084
0.9999813 -0.0001959 -0.0061038 -0.0006881 0.0001880 0.9999991 -0.0013083 -0.0143707 0.0061041 0.0013071 0.9999805 0.8462000
0.9999872 -0.0003029 -0.0050407 -0.0026642 0.0002946 0.9999986 -0.0016457 -0.0150638 0.0050412 0.0016442 0.9999859 0.9080139
0.9999772 -0.0013096 -0.0066221 -0.0026403 0.0013042 0.9999988 -0.0008187 -0.0168960 0.0066232 0.0008100 0.9999778 0.9676160
0.9999728 -0.0004608 -0.0073592 -0.0040286 0.0004493 0.9999987 -0.0015669 -0.0180490 0.0073600 0.0015636 0.9999717 1.0238423
0.9999646 -0.0012396 -0.0083213 -0.0041140 0.0012195 0.9999964 -0.0024106 -0.0192888 0.0083242 0.0024004 0.9999624 1.0851861
0.9999602 -0.0005071 -0.0089040 -0.0053413 0.0004883 0.9999977 -0.0021052 -0.0205903 0.0089050 0.0021008 0.9999582 1.1435863
0.9999517 -0.0008719 -0.0097930 -0.0063546 0.0008463 0.9999962 -0.0026124 -0.0215524 0.0097952 0.0026040 0.9999486 1.2022415
0.9999416 -0.0006663 -0.0107888 -0.0074965 0.0006306 0.9999943 -0.0033075 -0.0228497 0.0107909 0.0033005 0.9999363 1.2600530
0.9999273 -0.0005462 -0.0120493 -0.0085153 0.0005136 0.9999962 -0.0027045 -0.0240596 0.0120507 0.0026981 0.9999238 1.3165710
0.9999146 -0.0019921 -0.0129156 -0.0097297 0.0019854 0.9999979 -0.0005359 -0.0256312 0.0129167 0.0005102 0.9999164 1.3744078
0.9998982 -0.0024722 -0.0140530 -0.0108759 0.0024676 0.9999969 -0.0003417 -0.0269861 0.0140538 0.0003070 0.9999012 1.4322966
0.9998884 -0.0035174 -0.0145175 -0.0126185 0.0035055 0.9999935 -0.0008412 -0.0283551 0.0145203 0.0007902 0.9998943 1.4884660
0.9998642 -0.0031335 -0.0161788 -0.0135797 0.0031060 0.9999937 -0.0017266 -0.0298325 0.0161841 0.0016761 0.9998676 1.5467582
0.9998529 -0.0025654 -0.0169584 -0.0152210 0.0025332 0.9999949 -0.0019228 -0.0309799 0.0169633 0.0018795 0.9998543 1.6046748
0.9998332 -0.0029213 -0.0180308 -0.0161973 0.0029005 0.9999951 -0.0011795 -0.0324667 0.0180342 0.0011270 0.9998367 1.6624695
0.9998173 -0.0034008 -0.0188137 -0.0178048 0.0033939 0.9999942 -0.0003994 -0.0342269 0.0188150 0.0003355 0.9998229 1.7203497
0.9997891 -0.0039783 -0.0201488 -0.0182270 0.0039581 0.9999916 -0.0010455 -0.0348642 0.0201528 0.0009656 0.9997965 1.7770380
0.9997663 -0.0045665 -0.0211280 -0.0194335 0.0045427 0.9999890 -0.0011748 -0.0362110 0.0211332 0.0010786 0.9997761 1.8348252
0.9997651 -0.0052973 -0.0210170 -0.0217333 0.0052958 0.9999860 -0.0001240 -0.0377087 0.0210174 0.0000127 0.9997791 1.8912812
0.9997438 -0.0053195 -0.0220036 -0.0220917 0.0053441 0.9999852 0.0010593 -0.0390049 0.0219976 -0.0011767 0.9997573 1.9493217
0.9997509 -0.0048097 -0.0217970 -0.0239063 0.0048565 0.9999860 0.0020962 -0.0404964 0.0217866 -0.0022016 0.9997602 2.0068357
0.9997542 -0.0039559 -0.0218167 -0.0261327 0.0039868 0.9999911 0.0013708 -0.0412813 0.0218110 -0.0014575 0.9997610 2.0629985
0.9997528 -0.0034005 -0.0219741 -0.0280517 0.0034312 0.9999932 0.0013597 -0.0424109 0.0219693 -0.0014348 0.9997576 2.1200597
0.9997589 -0.0003408 -0.0219558 -0.0291148 0.0004045 0.9999957 0.0028948 -0.0431624 0.0219547 -0.0029030 0.9997547 2.1776633
0.9997847 -0.0003313 -0.0207476 -0.0305865 0.0004607 0.9999805 0.0062294 -0.0443368 0.0207451 -0.0062376 0.9997653 2.2351050
0.9998204 0.0005332 -0.0189437 -0.0322744 -0.0003687 0.9999622 0.0086845 -0.0447867 0.0189476 -0.0086759 0.9997829 2.2924366
0.9998451 0.0014718 -0.0175350 -0.0337439 -0.0012681 0.9999316 0.0116234 -0.0450366 0.0175509 -0.0115993 0.9997787 2.3496187
0.9998631 0.0004024 -0.0165404 -0.0349602 -0.0001823 0.9999115 0.0133053 -0.0458743 0.0165443 -0.0133005 0.9997747 2.4068918
0.9998788 -0.0013332 -0.0155156 -0.0357350 0.0015162 0.9999293 0.0117937 -0.0462106 0.0154988 -0.0118158 0.9998100 2.4640539
0.9998916 -0.0003708 -0.0147218 -0.0370803 0.0005221 0.9999470 0.0102801 -0.0467974 0.0147173 -0.0102867 0.9998388 2.5214105
0.9999009 -0.0003350 -0.0140727 -0.0384235 0.0004730 0.9999518 0.0098033 -0.0474055 0.0140687 -0.0098090 0.9998529 2.5769372
0.9998916 -0.0004993 -0.0147140 -0.0392285 0.0006347 0.9999575 0.0091991 -0.0478948 0.0147088 -0.0092075 0.9998494 2.6336946
0.9998810 -0.0012472 -0.0153747 -0.0408012 0.0013731 0.9999655 0.0081859 -0.0487480 0.0153639 -0.0082060 0.9998483 2.6913295
0.9998453 -0.0012513 -0.0175437 -0.0417339 0.0014048 0.9999608 0.0087418 -0.0492795 0.0175321 -0.0087651 0.9998079 2.7460973
0.9998147 -0.0014268 -0.0191957 -0.0431883 0.0016117 0.9999524 0.0096250 -0.0495611 0.0191811 -0.0096542 0.9997694 2.8022952
0.9997718 -0.0022363 -0.0212470 -0.0443893 0.0024555 0.9999439 0.0103001 -0.0504266 0.0212228 -0.0103499 0.9997212 2.8591371
0.9997561 -0.0010155 -0.0220605 -0.0464371 0.0012399 0.9999476 0.0101618 -0.0510251 0.0220491 -0.0101867 0.9997050 2.9140093
0.9997353 -0.0009667 -0.0229861 -0.0479734 0.0011975 0.9999490 0.0100325 -0.0514708 0.0229752 -0.0100574 0.9996855 2.9701204
0.9997274 -0.0019970 -0.0232637 -0.0501181 0.0022145 0.9999540 0.0093271 -0.0521568 0.0232440 -0.0093761 0.9996859 3.0275054
0.9997030 -0.0030577 -0.0241756 -0.0511235 0.0032690 0.9999568 0.0087042 -0.0530036 0.0241480 -0.0087806 0.9996698 3.0824394
0.9996840 -0.0035888 -0.0248794 -0.0530267 0.0038389 0.9999425 0.0100148 -0.0537039 0.0248420 -0.0101071 0.9996403 3.1372442
0.9996772 -0.0031453 -0.0252098 -0.0549202 0.0034384 0.9999269 0.0115902 -0.0542423 0.0251715 -0.0116731 0.9996150 3.1945894
0.9996418 -0.0034708 -0.0265368 -0.0560053 0.0037363 0.9999434 0.0099606 -0.0551973 0.0265008 -0.0100562 0.9995982 3.2479737
0.9996285 -0.0012802 -0.0272228 -0.0574633 0.0015188 0.9999606 0.0087454 -0.0557907 0.0272106 -0.0087835 0.9995911 3.3056083
0.9996384 0.0002732 -0.0268901 -0.0607151 -0.0000313 0.9999595 0.0089972 -0.0559460 0.0268914 -0.0089931 0.9995979 3.3629396
0.9996073 0.0018908 -0.0279593 -0.0617725 -0.0016237 0.9999529 0.0095734 -0.0574080 0.0279761 -0.0095242 0.9995632 3.4141183
0.9996145 0.0035452 -0.0275357 -0.0645132 -0.0032873 0.9999503 0.0094086 -0.0577994 0.0275677 -0.0093145 0.9995766 3.4716566
0.9996141 0.0043201 -0.0274406 -0.0655650 -0.0040207 0.9999319 0.0109563 -0.0585283 0.0274860 -0.0108418 0.9995634 3.5236626
0.9996562 0.0062239 -0.0254711 -0.0678914 -0.0059310 0.9999156 0.0115583 -0.0588792 0.0255408 -0.0114033 0.9996088 3.5810091
0.9997167 0.0059327 -0.0230510 -0.0702367 -0.0057343 0.9999460 0.0086647 -0.0593889 0.0231012 -0.0085300 0.9996967 3.6372347
0.9997742 0.0012546 -0.0212154 -0.0706054 -0.0011525 0.9999877 0.0048246 -0.0604747 0.0212212 -0.0047991 0.9997633 3.6854441
0.9998232 0.0027592 -0.0186029 -0.0723080 -0.0026843 0.9999882 0.0040497 -0.0611152 0.0186138 -0.0039991 0.9998187 3.7383337
0.9998726 0.0016021 -0.0158788 -0.0738580 -0.0014794 0.9999690 0.0077329 -0.0620145 0.0158907 -0.0077084 0.9998440 3.7946892
0.9999180 0.0019016 -0.0126594 -0.0751796 -0.0017847 0.9999557 0.0092394 -0.0628623 0.0126764 -0.0092161 0.9998772 3.8418489
0.9999584 0.0015538 -0.0089854 -0.0763560 -0.0014861 0.9999705 0.0075368 -0.0635410 0.0089969 -0.0075231 0.9999312 3.8980355
0.9999830 0.0005360 -0.0058052 -0.0768694 -0.0005078 0.9999880 0.0048689 -0.0645475 0.0058078 -0.0048658 0.9999713 3.9456763
0.9999968 -0.0011115 -0.0022767 -0.0773447 0.0011153 0.9999980 0.0016658 -0.0658330 0.0022748 -0.0016683 0.9999960 3.9992273
0.9999982 -0.0017725 0.0006889 -0.0773437 0.0017722 0.9999984 0.0003540 -0.0659507 -0.0006896 -0.0003527 0.9999997 4.0454922
0.9999912 -0.0014267 0.0039316 -0.0765719 0.0014212 0.9999980 0.0014078 -0.0667020 -0.0039336 -0.0014022 0.9999913 4.0972891
0.9999685 -0.0009645 0.0078757 -0.0776289 0.0009442 0.9999962 0.0025818 -0.0678719 -0.0078781 -0.0025742 0.9999657 4.1457968
0.9999307 -0.0014860 0.0116742 -0.0779191 0.0014840 0.9999989 0.0001824 -0.0688181 -0.0116744 -0.0001651 0.9999318 4.1998892
0.9998885 -0.0019216 0.0148094 -0.0773920 0.0019499 0.9999963 -0.0018992 -0.0697384 -0.0148057 0.0019279 0.9998885 4.2453566
0.9998401 -0.0022067 0.0177468 -0.0769208 0.0022394 0.9999958 -0.0018228 -0.0712363 -0.0177427 0.0018622 0.9998409 4.2998533
0.9997893 -0.0033016 0.0202612 -0.0756758 0.0033259 0.9999938 -0.0011647 -0.0718803 -0.0202573 0.0012318 0.9997941 4.3445764
0.9997332 -0.0037939 0.0227863 -0.0748636 0.0037843 0.9999927 0.0004661 -0.0730579 -0.0227879 -0.0003798 0.9997402 4.3988070
0.9996579 -0.0044102 0.0257803 -0.0740465 0.0043656 0.9999889 0.0017857 -0.0734469 -0.0257879 -0.0016725 0.9996660 4.4433823
0.9995877 -0.0062580 0.0280237 -0.0731755 0.0061761 0.9999764 0.0030068 -0.0746156 -0.0280419 -0.0028325 0.9996027 4.4969172
0.9995089 -0.0073146 0.0304704 -0.0720541 0.0073047 0.9999732 0.0004368 -0.0754378 -0.0304728 -0.0002140 0.9995356 4.5504432
0.9994288 -0.0091704 0.0325266 -0.0710293 0.0092523 0.9999544 -0.0023677 -0.0771875 -0.0325034 0.0026673 0.9994681 4.5901442
0.9993820 -0.0080868 0.0342104 -0.0693783 0.0082802 0.9999505 -0.0055157 -0.0774459 -0.0341641 0.0057956 0.9993994 4.6446157
0.9993175 -0.0085175 0.0359455 -0.0683530 0.0087467 0.9999424 -0.0062238 -0.0787289 -0.0358904 0.0065339 0.9993344 4.6891093
0.9993162 -0.0085621 0.0359710 -0.0668486 0.0087740 0.9999450 -0.0057365 -0.0799083 -0.0359199 0.0060482 0.9993364 4.7445350
0.9993483 -0.0081729 0.0351601 -0.0658670 0.0083204 0.9999572 -0.0040494 -0.0808968 -0.0351255 0.0043393 0.9993735 4.8000064
0.9993827 -0.0090124 0.0339561 -0.0642913 0.0090914 0.9999563 -0.0021727 -0.0822724 -0.0339351 0.0024800 0.9994209 4.8378339
0.9994581 -0.0082735 0.0318614 -0.0631755 0.0083341 0.9999637 -0.0017677 -0.0828824 -0.0318456 0.0020323 0.9994907 4.8942833
0.9995306 -0.0077855 0.0296313 -0.0627478 0.0078168 0.9999690 -0.0009395 -0.0843249 -0.0296230 0.0011706 0.9995605 4.9503136
0.9996200 -0.0075306 0.0265183 -0.0616343 0.0075543 0.9999712 -0.0007931 -0.0856861 -0.0265115 0.0009931 0.9996480 4.9895849
0.9997143 -0.0063898 0.0230335 -0.0617337 0.0064230 0.9999784 -0.0013667 -0.0865220 -0.0230242 0.0015142 0.9997337 5.0452218
0.9998075 -0.0061263 0.0186422 -0.0610148 0.0061396 0.9999809 -0.0006535 -0.0877765 -0.0186379 0.0007678 0.9998260 5.1017122
0.9998679 -0.0053453 0.0153538 -0.0613507 0.0053458 0.9999857 0.0000093 -0.0883217 -0.0153536 0.0000728 0.9998821 5.1419272
0.9999271 -0.0051892 0.0109011 -0.0610810 0.0051819 0.9999864 0.0006959 -0.0892157 -0.0109046 -0.0006394 0.9999403 5.1928301
0.9999678 -0.0050912 0.0062114 -0.0611542 0.0050847 0.9999865 0.0010636 -0.0901123 -0.0062167 -0.0010319 0.9999802 5.2492695
0.9999890 -0.0044196 0.0015735 -0.0615291 0.0044175 0.9999894 0.0013157 -0.0910221 -0.0015793 -0.0013087 0.9999979 5.2960620
0.9999871 -0.0036818 -0.0035154 -0.0621064 0.0036864 0.9999924 0.0012787 -0.0919397 0.0035106 -0.0012917 0.9999930 5.3477283
0.9999606 -0.0034255 -0.0081857 -0.0637406 0.0034324 0.9999937 0.0008269 -0.0927957 0.0081828 -0.0008549 0.9999661 5.4041581
0.9999120 -0.0023020 -0.0130694 -0.0642325 0.0023039 0.9999973 0.0001318 -0.0936160 0.0130691 -0.0001619 0.9999146 5.4514065
0.9998619 -0.0004284 -0.0166150 -0.0656645 0.0004324 0.9999999 0.0002375 -0.0947311 0.0166149 -0.0002446 0.9998620 5.5032487
0.9998251 0.0013354 -0.0186544 -0.0673402 -0.0013320 0.9999991 0.0001952 -0.0955687 0.0186546 -0.0001704 0.9998260 5.5552950
0.9998042 0.0026171 -0.0196131 -0.0691143 -0.0026206 0.9999965 -0.0001525 -0.0966382 0.0196127 0.0002039 0.9998077 5.6076961
0.9997717 0.0047793 -0.0208280 -0.0708541 -0.0047748 0.9999886 0.0002632 -0.0976149 0.0208290 -0.0001637 0.9997830 5.6602888
0.9997457 0.0060539 -0.0217226 -0.0726710 -0.0060349 0.9999813 0.0009371 -0.0985004 0.0217278 -0.0008058 0.9997636 5.7125444
0.9997295 0.0058959 -0.0224985 -0.0744117 -0.0058709 0.9999821 0.0011783 -0.0993554 0.0225050 -0.0010459 0.9997462 5.7651949
0.9996752 0.0097259 -0.0235570 -0.0763086 -0.0096504 0.9999479 0.0033174 -0.1002692 0.0235880 -0.0030890 0.9997170 5.8178949
0.9996490 0.0106071 -0.0242744 -0.0783022 -0.0104572 0.9999256 0.0062922 -0.1008725 0.0243393 -0.0060361 0.9996855 5.8708396
0.9996452 0.0094189 -0.0249155 -0.0800059 -0.0092736 0.9999394 0.0059392 -0.1017004 0.0249699 -0.0057060 0.9996719 5.9236884
0.9996424 0.0092435 -0.0250902 -0.0823957 -0.0091379 0.9999489 0.0043208 -0.1022190 0.0251289 -0.0040899 0.9996759 5.9770050
0.9996446 0.0063940 -0.0258785 -0.0843512 -0.0062472 0.9999639 0.0057524 -0.1035111 0.0259143 -0.0055887 0.9996486 6.0347691
0.9996255 0.0042164 -0.0270375 -0.0860961 -0.0040211 0.9999655 0.0072738 -0.1036651 0.0270672 -0.0071623 0.9996080 6.0832458
0.9996315 0.0011540 -0.0271192 -0.0880169 -0.0009125 0.9999598 0.0089141 -0.1040811 0.0271284 -0.0088860 0.9995925 6.1365614
0.9996362 -0.0007113 -0.0269631 -0.0905097 0.0009834 0.9999487 0.0100783 -0.1047944 0.0269546 -0.0101012 0.9995856 6.1952929
0.9996125 -0.0051117 -0.0273614 -0.0917729 0.0053365 0.9999526 0.0081501 -0.1052080 0.0273184 -0.0082929 0.9995924 6.2437248
0.9995934 -0.0078140 -0.0274209 -0.0936909 0.0080176 0.9999411 0.0073207 -0.1058830 0.0273621 -0.0075376 0.9995972 6.2972670
0.9995857 -0.0089971 -0.0273403 -0.0956919 0.0091979 0.9999316 0.0072288 -0.1068160 0.0272734 -0.0074773 0.9996001 6.3562088
0.9995968 -0.0096193 -0.0267169 -0.0976930 0.0098240 0.9999233 0.0075384 -0.1072754 0.0266423 -0.0077978 0.9996146 6.4047704
0.9996152 -0.0091484 -0.0261876 -0.0998144 0.0094031 0.9999095 0.0096178 -0.1080474 0.0260973 -0.0098604 0.9996108 6.4587102
0.9996378 -0.0076864 -0.0257901 -0.1017068 0.0079856 0.9999018 0.0115160 -0.1089959 0.0256990 -0.0117178 0.9996011 6.5181293
0.9996672 -0.0067061 -0.0249082 -0.1037426 0.0069392 0.9999328 0.0092840 -0.1090439 0.0248442 -0.0094538 0.9996466 6.5664692
0.9996786 -0.0061739 -0.0245912 -0.1056831 0.0063684 0.9999490 0.0078383 -0.1100701 0.0245416 -0.0079924 0.9996669 6.6251187
0.9996932 -0.0064466 -0.0239146 -0.1075138 0.0065730 0.9999648 0.0052100 -0.1105580 0.0238802 -0.0053656 0.9997004 6.6738639
0.9996951 -0.0079437 -0.0233822 -0.1098060 0.0079759 0.9999674 0.0012838 -0.1117091 0.0233713 -0.0014699 0.9997258 6.7330747
0.9996911 -0.0079802 -0.0235374 -0.1107894 0.0079273 0.9999658 -0.0023392 -0.1123580 0.0235552 0.0021519 0.9997202 6.7804074
0.9996889 -0.0081303 -0.0235794 -0.1124155 0.0080506 0.9999616 -0.0034711 -0.1135543 0.0236067 0.0032802 0.9997159 6.8393779
0.9996940 -0.0082132 -0.0233305 -0.1142577 0.0081456 0.9999623 -0.0029902 -0.1147383 0.0233541 0.0027993 0.9997233 6.8861046
0.9996936 -0.0072336 -0.0236721 -0.1157014 0.0071731 0.9999708 -0.0026432 -0.1158171 0.0236905 0.0024726 0.9997163 6.9445963
0.9996994 -0.0069151 -0.0235230 -0.1178912 0.0068874 0.9999755 -0.0012602 -0.1171972 0.0235312 0.0010978 0.9997225 6.9908514
0.9996953 -0.0060599 -0.0239277 -0.1194555 0.0060389 0.9999813 -0.0009487 -0.1179215 0.0239330 0.0008039 0.9997132 7.0502605
0.9996792 -0.0065487 -0.0244659 -0.1214530 0.0065220 0.9999781 -0.0011741 -0.1195631 0.0244731 0.0010141 0.9997000 7.0956841
0.9996679 -0.0060629 -0.0250441 -0.1238271 0.0060460 0.9999815 -0.0007486 -0.1208794 0.0250482 0.0005969 0.9996861 7.1548281
0.9996427 -0.0064321 -0.0259456 -0.1253304 0.0064404 0.9999793 0.0002361 -0.1217611 0.0259435 -0.0004031 0.9996634 7.2008233
0.9996276 -0.0051388 -0.0267986 -0.1270569 0.0051717 0.9999859 0.0011556 -0.1233748 0.0267923 -0.0012937 0.9996402 7.2590423
0.9996133 -0.0052564 -0.0273057 -0.1292450 0.0052483 0.9999862 -0.0003673 -0.1238233 0.0273073 0.0002239 0.9996271 7.3053617
0.9996060 -0.0038985 -0.0277963 -0.1315289 0.0038594 0.9999915 -0.0014602 -0.1253109 0.0278018 0.0013524 0.9996126 7.3640962
0.9995953 -0.0035994 -0.0282180 -0.1338896 0.0035631 0.9999927 -0.0013384 -0.1263689 0.0282226 0.0012373 0.9996009 7.4099121
0.9995825 -0.0034435 -0.0286878 -0.1362892 0.0033736 0.9999912 -0.0024864 -0.1272837 0.0286962 0.0023886 0.9995853 7.4692063
0.9995461 -0.0038398 -0.0298828 -0.1381082 0.0037435 0.9999876 -0.0032780 -0.1287222 0.0298950 0.0031646 0.9995480 7.5144062
0.9995511 -0.0029892 -0.0298112 -0.1409888 0.0029023 0.9999914 -0.0029557 -0.1299107 0.0298197 0.0028678 0.9995512 7.5735998
0.9995017 -0.0035758 -0.0313612 -0.1426638 0.0035299 0.9999926 -0.0015203 -0.1312583 0.0313664 0.0014088 0.9995070 7.6199627
0.9994899 -0.0037185 -0.0317193 -0.1451539 0.0036815 0.9999925 -0.0012235 -0.1324634 0.0317236 0.0011061 0.9994960 7.6727004
0.9994743 -0.0025598 -0.0323188 -0.1480002 0.0025438 0.9999966 -0.0005363 -0.1339418 0.0323201 0.0004538 0.9994774 7.7310181
0.9994359 -0.0024681 -0.0334931 -0.1495775 0.0024515 0.9999968 -0.0005379 -0.1346877 0.0334943 0.0004555 0.9994388 7.7779503
0.9994183 -0.0018162 -0.0340565 -0.1523370 0.0017722 0.9999976 -0.0013231 -0.1358136 0.0340588 0.0012619 0.9994190 7.8362074
0.9994175 -0.0015409 -0.0340927 -0.1558250 0.0014776 0.9999971 -0.0018828 -0.1372308 0.0340955 0.0018313 0.9994169 7.8946338
0.9993859 -0.0005697 -0.0350351 -0.1568710 0.0005206 0.9999989 -0.0014113 -0.1381808 0.0350359 0.0013922 0.9993851 7.9350562
0.9993765 -0.0013820 -0.0352786 -0.1596276 0.0012972 0.9999962 -0.0024287 -0.1396445 0.0352819 0.0023814 0.9993746 7.9864092
0.9993672 -0.0029592 -0.0354460 -0.1626268 0.0028158 0.9999877 -0.0040942 -0.1408641 0.0354577 0.0039918 0.9993632 8.0440826
0.9993417 -0.0063759 -0.0357147 -0.1639900 0.0062424 0.9999731 -0.0038469 -0.1420263 0.0357383 0.0036214 0.9993546 8.0916605
0.9993386 -0.0057232 -0.0359095 -0.1665484 0.0057205 0.9999836 -0.0001772 -0.1433276 0.0359100 -0.0000284 0.9993550 8.1497440
0.9993104 -0.0072173 -0.0364243 -0.1685959 0.0073760 0.9999639 0.0042261 -0.1442735 0.0363924 -0.0044918 0.9993275 8.1966362
0.9993094 -0.0064936 -0.0365874 -0.1712159 0.0066327 0.9999712 0.0036815 -0.1452888 0.0365624 -0.0039217 0.9993237 8.2487698
0.9993312 -0.0044888 -0.0362910 -0.1740668 0.0045141 0.9999896 0.0006139 -0.1461069 0.0362878 -0.0007773 0.9993411 8.3006916
0.9993189 -0.0042579 -0.0366561 -0.1763868 0.0042087 0.9999902 -0.0014190 -0.1471576 0.0366618 0.0012638 0.9993269 8.3527222
0.9993265 -0.0038699 -0.0364897 -0.1793717 0.0038261 0.9999919 -0.0012710 -0.1482289 0.0364944 0.0011305 0.9993332 8.4107647
0.9993142 -0.0046480 -0.0367361 -0.1814354 0.0046569 0.9999892 0.0001549 -0.1494708 0.0367350 -0.0003259 0.9993250 8.4561634
0.9993258 -0.0042790 -0.0364645 -0.1843854 0.0043753 0.9999871 0.0025620 -0.1509436 0.0364530 -0.0027198 0.9993317 8.5128546
0.9993390 -0.0049957 -0.0360083 -0.1860573 0.0051101 0.9999822 0.0030863 -0.1514466 0.0359922 -0.0032683 0.9993467 8.5594482
0.9993914 -0.0047812 -0.0345521 -0.1888765 0.0048642 0.9999855 0.0023190 -0.1524583 0.0345405 -0.0024857 0.9994002 8.6167145
0.9994320 -0.0059897 -0.0331630 -0.1906634 0.0060278 0.9999813 0.0010486 -0.1534695 0.0331561 -0.0012479 0.9994494 8.6610432
0.9994541 -0.0065873 -0.0323742 -0.1930026 0.0065858 0.9999783 -0.0001528 -0.1548879 0.0323745 -0.0000605 0.9994758 8.7180548
0.9994979 -0.0069359 -0.0309172 -0.1947979 0.0069213 0.9999759 -0.0005795 -0.1560757 0.0309205 0.0003652 0.9995218 8.7626505
0.9995530 -0.0065090 -0.0291809 -0.1974675 0.0065125 0.9999788 0.0000251 -0.1570503 0.0291801 -0.0002151 0.9995741 8.8187284
0.9995766 -0.0069633 -0.0282520 -0.1988384 0.0070240 0.9999732 0.0020491 -0.1582451 0.0282370 -0.0022467 0.9995987 8.8637314
0.9996130 -0.0054560 -0.0272793 -0.2008801 0.0055132 0.9999828 0.0020221 -0.1589406 0.0272678 -0.0021717 0.9996258 8.9186811
0.9996393 -0.0061931 -0.0261329 -0.2026277 0.0062591 0.9999774 0.0024441 -0.1601685 0.0261172 -0.0026068 0.9996555 8.9624605
0.9996670 -0.0055042 -0.0252097 -0.2046011 0.0055628 0.9999820 0.0022564 -0.1609820 0.0251968 -0.0023959 0.9996796 9.0173998
0.9997016 -0.0055742 -0.0237843 -0.2069054 0.0056264 0.9999819 0.0021284 -0.1617167 0.0237720 -0.0022615 0.9997149 9.0730696
0.9997101 -0.0059155 -0.0233392 -0.2077312 0.0059712 0.9999795 0.0023199 -0.1628189 0.0233250 -0.0024586 0.9997249 9.1100111
0.9997212 -0.0067283 -0.0226346 -0.2097583 0.0067864 0.9999739 0.0024893 -0.1641207 0.0226173 -0.0026422 0.9997407 9.1634865
0.9997261 -0.0072080 -0.0222647 -0.2107089 0.0072677 0.9999702 0.0025995 -0.1649383 0.0222453 -0.0027606 0.9997487 9.2060833
0.9997358 -0.0073122 -0.0217888 -0.2127760 0.0073953 0.9999657 0.0037352 -0.1663477 0.0217607 -0.0038953 0.9997556 9.2587109
0.9997184 -0.0078562 -0.0223932 -0.2138194 0.0079542 0.9999592 0.0042898 -0.1667596 0.0223585 -0.0044667 0.9997401 9.2996426
0.9997098 -0.0080768 -0.0226956 -0.2156192 0.0081823 0.9999561 0.0045599 -0.1680972 0.0226577 -0.0047443 0.9997320 9.3511543
0.9997031 -0.0072424 -0.0232639 -0.2170860 0.0073214 0.9999677 0.0033134 -0.1686242 0.0232392 -0.0034827 0.9997239 9.3907013
0.9997000 -0.0069615 -0.0234822 -0.2188649 0.0070242 0.9999720 0.0025909 -0.1696670 0.0234636 -0.0027550 0.9997209 9.4352732
0.9996859 -0.0069365 -0.0240813 -0.2209196 0.0069987 0.9999724 0.0025010 -0.1708549 0.0240633 -0.0026688 0.9997069 9.4851665
0.9996451 -0.0073497 -0.0256059 -0.2218578 0.0074132 0.9999697 0.0023858 -0.1715778 0.0255876 -0.0025748 0.9996693 9.5231600
0.9995917 -0.0080326 -0.0274199 -0.2233304 0.0081180 0.9999625 0.0030073 -0.1723224 0.0273947 -0.0032286 0.9996195 9.5654993
0.9995271 -0.0092137 -0.0293376 -0.2251842 0.0093560 0.9999451 0.0047162 -0.1734522 0.0292925 -0.0049885 0.9995584 9.6127567
0.9994614 -0.0086776 -0.0316470 -0.2267290 0.0088868 0.9999395 0.0064781 -0.1741867 0.0315889 -0.0067559 0.9994781 9.6500425
0.9994170 -0.0083064 -0.0331154 -0.2295566 0.0085412 0.9999393 0.0069552 -0.1753548 0.0330556 -0.0072340 0.9994273 9.6973314
0.9992957 -0.0085764 -0.0365314 -0.2306966 0.0088241 0.9999391 0.0066260 -0.1759750 0.0364724 -0.0069437 0.9993106 9.7319870
0.9991932 -0.0082767 -0.0392989 -0.2329598 0.0085311 0.9999437 0.0063094 -0.1765580 0.0392445 -0.0066395 0.9992076 9.7770538
0.9990719 -0.0076126 -0.0423954 -0.2346765 0.0078993 0.9999470 0.0065996 -0.1770901 0.0423429 -0.0069283 0.9990791 9.8109255
0.9989557 -0.0072624 -0.0451084 -0.2372978 0.0075503 0.9999522 0.0062152 -0.1779008 0.0450611 -0.0065493 0.9989628 9.8531342
0.9988101 -0.0072159 -0.0482317 -0.2391108 0.0075050 0.9999549 0.0058169 -0.1784699 0.0481875 -0.0061720 0.9988192 9.8862276
0.9986260 -0.0079340 -0.0517997 -0.2416314 0.0082112 0.9999531 0.0051422 -0.1795500 0.0517565 -0.0055605 0.9986442 9.9263954
0.9984646 -0.0065289 -0.0550069 -0.2435921 0.0068001 0.9999656 0.0047430 -0.1798984 0.0549741 -0.0051098 0.9984747 9.9570923
0.9983109 -0.0065020 -0.0577330 -0.2466295 0.0067713 0.9999671 0.0044699 -0.1810379 0.0577021 -0.0048533 0.9983221 9.9948540
0.9981710 -0.0044965 -0.0602867 -0.2485512 0.0047385 0.9999813 0.0038722 -0.1812618 0.0602682 -0.0041508 0.9981736 10.0247726
0.9980953 -0.0041309 -0.0615518 -0.2509890 0.0043820 0.9999826 0.0039459 -0.1819130 0.0615344 -0.0042081 0.9980961 10.0617123
0.9981350 -0.0038979 -0.0609209 -0.2532867 0.0042338 0.9999765 0.0053862 -0.1826423 0.0608985 -0.0056341 0.9981281 10.0893631
0.9981675 -0.0039840 -0.0603811 -0.2557440 0.0043521 0.9999728 0.0059662 -0.1833802 0.0603556 -0.0062181 0.9981576 10.1243792
0.9981679 -0.0036675 -0.0603941 -0.2575837 0.0040076 0.9999768 0.0055113 -0.1837345 0.0603725 -0.0057432 0.9981594 10.1508417
0.9982013 -0.0037074 -0.0598364 -0.2602024 0.0039564 0.9999840 0.0040445 -0.1847101 0.0598204 -0.0042740 0.9982000 10.1846466
0.9982478 -0.0036333 -0.0590608 -0.2619795 0.0037443 0.9999914 0.0017692 -0.1851741 0.0590538 -0.0019872 0.9982528 10.2106552
0.9983226 -0.0033601 -0.0577988 -0.2643794 0.0033842 0.9999942 0.0003187 -0.1858170 0.0577974 -0.0005138 0.9983282 10.2440538
0.9984037 -0.0030348 -0.0563987 -0.2660361 0.0030316 0.9999954 -0.0001424 -0.1862981 0.0563988 -0.0000288 0.9984083 10.2702980
0.9985059 -0.0032963 -0.0545438 -0.2685930 0.0033031 0.9999945 0.0000334 -0.1871830 0.0545434 -0.0002135 0.9985114 10.3033524
0.9985799 -0.0038146 -0.0531391 -0.2697949 0.0037986 0.9999927 -0.0004013 -0.1875402 0.0531402 0.0001989 0.9985870 10.3291063
0.9986750 -0.0037046 -0.0513281 -0.2717344 0.0036842 0.9999931 -0.0004932 -0.1884034 0.0513296 0.0003034 0.9986817 10.3622580
0.9987864 -0.0042071 -0.0490702 -0.2733189 0.0041718 0.9999909 -0.0008224 -0.1888923 0.0490732 0.0006167 0.9987950 10.3873835
0.9989182 -0.0044085 -0.0462927 -0.2751291 0.0044097 0.9999903 -0.0000769 -0.1898569 0.0462926 -0.0001273 0.9989279 10.4199448
0.9990496 -0.0050988 -0.0432887 -0.2764803 0.0051314 0.9999866 0.0006427 -0.1903713 0.0432848 -0.0008642 0.9990624 10.4449329
0.9991506 -0.0060964 -0.0407540 -0.2778472 0.0061385 0.9999807 0.0009074 -0.1910713 0.0407476 -0.0011568 0.9991688 10.4772263
0.9992813 -0.0061377 -0.0374056 -0.2792159 0.0061728 0.9999806 0.0008233 -0.1914751 0.0373999 -0.0010536 0.9992998 10.5019855
0.9993814 -0.0065987 -0.0345445 -0.2806455 0.0066106 0.9999781 0.0002278 -0.1920334 0.0345423 -0.0004560 0.9994031 10.5338650
0.9994880 -0.0068876 -0.0312462 -0.2817991 0.0069013 0.9999762 0.0003301 -0.1927497 0.0312432 -0.0005456 0.9995117 10.5582762
0.9995729 -0.0066291 -0.0284627 -0.2829668 0.0066407 0.9999779 0.0003140 -0.1937864 0.0284600 -0.0005029 0.9995948 10.5897417
0.9996565 -0.0059556 -0.0255225 -0.2839510 0.0059337 0.9999819 -0.0009321 -0.1939056 0.0255276 0.0007804 0.9996738 10.6146984
0.9997278 -0.0054667 -0.0226812 -0.2851536 0.0054634 0.9999850 -0.0002047 -0.1944997 0.0226820 0.0000807 0.9997427 10.6470108
0.9997811 -0.0055098 -0.0201853 -0.2858069 0.0055168 0.9999847 0.0002915 -0.1949245 0.0201834 -0.0004028 0.9997962 10.6722250
0.9998165 -0.0060587 -0.0181752 -0.2867056 0.0060682 0.9999815 0.0004666 -0.1957000 0.0181721 -0.0005768 0.9998347 10.7049923
0.9998566 -0.0055725 -0.0159925 -0.2873093 0.0055521 0.9999837 -0.0013200 -0.1961333 0.0159996 0.0012310 0.9998713 10.7302914
0.9998833 -0.0051932 -0.0143675 -0.2882342 0.0051430 0.9999806 -0.0035250 -0.1967155 0.0143855 0.0034507 0.9998906 10.7631674
0.9998903 -0.0066817 -0.0132234 -0.2888536 0.0066126 0.9999643 -0.0052625 -0.1973211 0.0132581 0.0051745 0.9998987 10.7887812
0.9998986 -0.0063268 -0.0127589 -0.2899414 0.0062548 0.9999644 -0.0056727 -0.1979981 0.0127943 0.0055923 0.9999025 10.8223028
0.9998872 -0.0080334 -0.0126913 -0.2904863 0.0079554 0.9999492 -0.0061856 -0.1987482 0.0127403 0.0060839 0.9999003 10.8484211
0.9998962 -0.0064020 -0.0129042 -0.2911038 0.0063219 0.9999605 -0.0062376 -0.1995766 0.0129437 0.0061554 0.9998973 10.8791084
0.9999096 -0.0060884 -0.0119833 -0.2923153 0.0060084 0.9999595 -0.0067044 -0.2003683 0.0120237 0.0066318 0.9999057 10.9137859
0.9998959 -0.0073176 -0.0124320 -0.2925734 0.0072100 0.9999363 -0.0086764 -0.2009126 0.0124947 0.0085858 0.9998851 10.9402466
0.9998593 -0.0117295 -0.0119879 -0.2934374 0.0116037 0.9998774 -0.0105125 -0.2017889 0.0121097 0.0103720 0.9998729 10.9753952
0.9998308 -0.0143773 -0.0114740 -0.2937818 0.0142417 0.9998288 -0.0118164 -0.2020906 0.0116419 0.0116510 0.9998643 11.0022202
0.9998749 -0.0113917 -0.0109691 -0.2945676 0.0112974 0.9998990 -0.0086200 -0.2025461 0.0110661 0.0084950 0.9999027 11.0370789
0.9999153 -0.0078672 -0.0103655 -0.2954432 0.0078470 0.9999672 -0.0019928 -0.2033526 0.0103808 0.0019113 0.9999443 11.0655270
0.9999151 -0.0086284 -0.0097706 -0.2962145 0.0086429 0.9999616 0.0014456 -0.2042719 0.0097577 -0.0015300 0.9999512 11.1016531
0.9999275 -0.0094679 -0.0074406 -0.2963006 0.0094629 0.9999550 -0.0007006 -0.2046619 0.0074469 0.0006301 0.9999720 11.1300583
0.9999574 -0.0085491 -0.0034629 -0.2965720 0.0085260 0.9999416 -0.0066306 -0.2052446 0.0035194 0.0066008 0.9999720 11.1662149
0.9999740 -0.0071755 0.0006579 -0.2975186 0.0071818 0.9999218 -0.0102364 -0.2061949 -0.0005844 0.0102409 0.9999474 11.2035484
0.9999790 -0.0052274 0.0038354 -0.2978305 0.0052654 0.9999364 -0.0099753 -0.2066500 -0.0037830 0.0099953 0.9999429 11.2285509
0.9999508 -0.0056745 0.0081386 -0.2989904 0.0057429 0.9999483 -0.0083958 -0.2067301 -0.0080906 0.0084421 0.9999316 11.2657518
0.9999027 -0.0096277 0.0100921 -0.2978549 0.0096778 0.9999411 -0.0049250 -0.2079325 -0.0100441 0.0050222 0.9999369 11.2961512
0.9998425 -0.0123363 0.0127604 -0.2977784 0.0123766 0.9999186 -0.0030842 -0.2090964 -0.0127213 0.0032417 0.9999138 11.3351221
0.9998071 -0.0111299 0.0161818 -0.2978792 0.0111783 0.9999333 -0.0029053 -0.2093467 -0.0161484 0.0030857 0.9998648 11.3641176
0.9997790 -0.0090924 0.0189524 -0.2981691 0.0091823 0.9999470 -0.0046617 -0.2103658 -0.0189090 0.0048347 0.9998095 11.4023428
0.9997492 -0.0080836 0.0208843 -0.2972708 0.0082354 0.9999402 -0.0071933 -0.2109600 -0.0208249 0.0073634 0.9997560 11.4324427
0.9996973 -0.0076438 0.0233870 -0.2968768 0.0078298 0.9999384 -0.0078741 -0.2114258 -0.0233254 0.0080548 0.9996955 11.4723873
0.9996260 -0.0074803 0.0263031 -0.2966627 0.0076197 0.9999574 -0.0052019 -0.2126637 -0.0262630 0.0054004 0.9996405 11.5002928
0.9995701 -0.0058689 0.0287259 -0.2956296 0.0059793 0.9999751 -0.0037592 -0.2136280 -0.0287031 0.0039294 0.9995803 11.5400114
0.9994583 -0.0045978 0.0325866 -0.2957481 0.0047425 0.9999792 -0.0043650 -0.2138197 -0.0325658 0.0045172 0.9994594 11.5690050
0.9993686 -0.0037894 0.0353275 -0.2952787 0.0039682 0.9999797 -0.0049921 -0.2144105 -0.0353079 0.0051291 0.9993633 11.6083040
0.9992720 -0.0053410 0.0377758 -0.2937972 0.0055473 0.9999703 -0.0053591 -0.2151881 -0.0377460 0.0055647 0.9992719 11.6375103
0.9991814 -0.0092496 0.0393804 -0.2928104 0.0094255 0.9999464 -0.0042834 -0.2162131 -0.0393387 0.0046510 0.9992151 11.6774788
0.9991306 -0.0096323 0.0405623 -0.2917073 0.0098299 0.9999408 -0.0046759 -0.2167914 -0.0405149 0.0050706 0.9991661 11.7066164
0.9991044 -0.0107374 0.0409269 -0.2904770 0.0109290 0.9999303 -0.0044595 -0.2178355 -0.0408762 0.0049028 0.9991522 11.7465611
0.9990817 -0.0106112 0.0415106 -0.2896947 0.0108102 0.9999311 -0.0045717 -0.2184780 -0.0414592 0.0050163 0.9991276 11.7755861
0.9991018 -0.0098183 0.0412217 -0.2882552 0.0099881 0.9999424 -0.0039162 -0.2192729 -0.0411809 0.0043245 0.9991423 11.8164253
0.9991237 -0.0092349 0.0408238 -0.2875299 0.0094135 0.9999470 -0.0041845 -0.2197505 -0.0407830 0.0045651 0.9991576 11.8449593
0.9991660 -0.0099525 0.0396004 -0.2866085 0.0101379 0.9999385 -0.0044823 -0.2211144 -0.0395533 0.0048800 0.9992055 11.8852940
0.9992365 -0.0096033 0.0378717 -0.2857051 0.0098220 0.9999361 -0.0055925 -0.2216146 -0.0378155 0.0059602 0.9992670 11.9139471
0.9993264 -0.0086043 0.0356750 -0.2843231 0.0088690 0.9999343 -0.0072693 -0.2220909 -0.0356101 0.0075808 0.9993370 11.9548626
0.9993652 -0.0076134 0.0348043 -0.2842127 0.0078507 0.9999468 -0.0066876 -0.2233362 -0.0347515 0.0069566 0.9993718 11.9828463
0.9994233 -0.0057412 0.0334675 -0.2836827 0.0059909 0.9999549 -0.0073682 -0.2242070 -0.0334237 0.0075645 0.9994127 12.0222168
0.9994988 -0.0058089 0.0311170 -0.2832303 0.0060041 0.9999629 -0.0061844 -0.2253916 -0.0310799 0.0063681 0.9994966 12.0509634
0.9995942 -0.0059100 0.0278680 -0.2821276 0.0060527 0.9999690 -0.0050389 -0.2263219 -0.0278373 0.0052055 0.9995989 12.0913172
0.9996778 -0.0068014 0.0244544 -0.2824029 0.0068748 0.9999721 -0.0029187 -0.2267827 -0.0244339 0.0030858 0.9996967 12.1194992
0.9997802 -0.0075350 0.0195635 -0.2820912 0.0075672 0.9999701 -0.0015748 -0.2276657 -0.0195511 0.0017225 0.9998074 12.1587191
0.9998490 -0.0088408 0.0149630 -0.2820567 0.0088419 0.9999609 -0.0000109 -0.2284438 -0.0149623 0.0001432 0.9998881 12.1863976
0.9999077 -0.0088018 0.0103450 -0.2823533 0.0087961 0.9999611 0.0005887 -0.2292650 -0.0103497 -0.0004977 0.9999463 12.2248964
0.9999372 -0.0096667 0.0056773 -0.2823867 0.0096603 0.9999527 0.0011408 -0.2298043 -0.0056881 -0.0010859 0.9999833 12.2518616
0.9999466 -0.0102789 0.0010780 -0.2829462 0.0102777 0.9999465 0.0011332 -0.2305927 -0.0010896 -0.0011221 0.9999987 12.2899723
0.9999388 -0.0106950 -0.0028389 -0.2833658 0.0106975 0.9999424 0.0008718 -0.2312080 0.0028294 -0.0009021 0.9999956 12.3147335
0.9999169 -0.0107675 -0.0070844 -0.2838763 0.0107731 0.9999417 0.0007560 -0.2321339 0.0070758 -0.0008322 0.9999746 12.3505268
0.9999027 -0.0093865 -0.0103146 -0.2850468 0.0093909 0.9999558 0.0003779 -0.2325998 0.0103106 -0.0004747 0.9999467 12.3752289
0.9998524 -0.0103312 -0.0137285 -0.2863989 0.0103479 0.9999458 0.0011486 -0.2338640 0.0137159 -0.0012905 0.9999051 12.4078245
0.9997756 -0.0110582 -0.0180672 -0.2867720 0.0110483 0.9999387 -0.0006485 -0.2337225 0.0180733 0.0004487 0.9998366 12.4318600
0.9996936 -0.0099095 -0.0226837 -0.2881424 0.0098669 0.9999493 -0.0019879 -0.2345321 0.0227022 0.0017634 0.9997407 12.4585075
0.9995502 -0.0078524 -0.0289446 -0.2898953 0.0077472 0.9999630 -0.0037458 -0.2356562 0.0289730 0.0035199 0.9995740 12.4889126
0.9992832 -0.0075075 -0.0371041 -0.2909738 0.0073120 0.9999587 -0.0054038 -0.2362328 0.0371432 0.0051286 0.9992968 12.5101929
0.9988434 -0.0077162 -0.0474583 -0.2932790 0.0073912 0.9999480 -0.0070189 -0.2367660 0.0475100 0.0066600 0.9988486 12.5401392
0.9981335 -0.0073941 -0.0606209 -0.2946011 0.0069804 0.9999509 -0.0070339 -0.2376150 0.0606699 0.0065976 0.9981361 12.5595808
0.9970570 -0.0061428 -0.0764178 -0.2985471 0.0056570 0.9999624 -0.0065714 -0.2384457 0.0764553 0.0061198 0.9970542 12.5870247
0.9953251 -0.0032649 -0.0965262 -0.3001470 0.0027070 0.9999788 -0.0059104 -0.2390320 0.0965435 0.0056215 0.9953129 12.6063385
0.9928817 -0.0021127 -0.1190860 -0.3037452 0.0013652 0.9999788 -0.0063581 -0.2395906 0.1190969 0.0061503 0.9928636 12.6321526
0.9896212 -0.0006237 -0.1436997 -0.3075302 -0.0003214 0.9999785 -0.0065541 -0.2401324 0.1437007 0.0065323 0.9895996 12.6507444
0.9852954 0.0000852 -0.1708596 -0.3129622 -0.0011969 0.9999788 -0.0064031 -0.2406550 0.1708554 0.0065135 0.9852746 12.6754341
0.9795148 0.0019581 -0.2013628 -0.3170047 -0.0030372 0.9999827 -0.0050505 -0.2413167 0.2013494 0.0055586 0.9795037 12.6922293
0.9720349 0.0016008 -0.2348310 -0.3230908 -0.0024898 0.9999908 -0.0034896 -0.2417916 0.2348232 0.0039767 0.9720300 12.7155991
0.9628005 0.0020124 -0.2702058 -0.3286371 -0.0028231 0.9999926 -0.0026116 -0.2417013 0.2701986 0.0032773 0.9627991 12.7324667
0.9517006 0.0028972 -0.3070141 -0.3364561 -0.0031161 0.9999951 -0.0002230 -0.2423197 0.3070120 0.0011689 0.9517049 12.7538137
0.9384184 0.0046046 -0.3454702 -0.3428214 -0.0040650 0.9999892 0.0022865 -0.2427572 0.3454770 -0.0007413 0.9384269 12.7697630
0.9230659 0.0046493 -0.3846137 -0.3526058 -0.0032446 0.9999855 0.0043012 -0.2433223 0.3846281 -0.0027224 0.9230676 12.7907495
0.9056344 0.0053327 -0.4240258 -0.3599610 -0.0031507 0.9999779 0.0058469 -0.2434664 0.4240476 -0.0039592 0.9056312 12.8042269
0.8854451 0.0047423 -0.4647197 -0.3711038 -0.0018196 0.9999756 0.0067375 -0.2435564 0.4647404 -0.0051200 0.8854322 12.8230677
0.8624340 0.0044796 -0.5061496 -0.3802633 -0.0009120 0.9999729 0.0072960 -0.2436991 0.5061686 -0.0058307 0.8624148 12.8365335
0.8367872 0.0040216 -0.5475135 -0.3928094 0.0007166 0.9999641 0.0084401 -0.2438828 0.5475278 -0.0074549 0.8367543 12.8535252
0.8077163 0.0042479 -0.5895560 -0.4037657 0.0017324 0.9999526 0.0095784 -0.2438446 0.5895688 -0.0087579 0.8076707 12.8663521
0.7756501 0.0060918 -0.6311337 -0.4181886 0.0008371 0.9999426 0.0106804 -0.2445290 0.6311625 -0.0088126 0.7756005 12.8821859
0.7411173 0.0051509 -0.6713558 -0.4312053 0.0022217 0.9999463 0.0101245 -0.2442863 0.6713719 -0.0089950 0.7410660 12.8931789
0.7027159 0.0040807 -0.7114589 -0.4478846 0.0058591 0.9999164 0.0115223 -0.2441293 0.7114465 -0.0122654 0.7026333 12.9066639
0.6596566 0.0037766 -0.7515576 -0.4606810 0.0114489 0.9998208 0.0150730 -0.2444501 0.7514799 -0.0185475 0.6594952 12.9167614
0.6131410 0.0047205 -0.7899594 -0.4788527 0.0148499 0.9997366 0.0175001 -0.2446069 0.7898339 -0.0224609 0.6129094 12.9273949
0.5620914 0.0085673 -0.8270307 -0.4922042 0.0138660 0.9997082 0.0197801 -0.2447822 0.8269589 -0.0225858 0.5618086 12.9356565
0.5097331 0.0150296 -0.8602013 -0.5116000 0.0082965 0.9997150 0.0223835 -0.2445573 0.8602926 -0.0185462 0.5094631 12.9442778
0.4557612 0.0190342 -0.8898985 -0.5271525 0.0054034 0.9996938 0.0241500 -0.2448222 0.8900857 -0.0158151 0.4555188 12.9496479
0.3985037 0.0214846 -0.9169151 -0.5465841 0.0048807 0.9996617 0.0255447 -0.2450140 0.9171538 -0.0146549 0.3982640 12.9567423
0.3416881 0.0233041 -0.9395244 -0.5634460 0.0057617 0.9996218 0.0268901 -0.2442236 0.9397957 -0.0146013 0.3414246 12.9605436
0.2838310 0.0272915 -0.9584858 -0.5844712 0.0068332 0.9995119 0.0304831 -0.2446114 0.9588499 -0.0152015 0.2835059 12.9643126
0.2252818 0.0303176 -0.9738219 -0.6017168 0.0092423 0.9994043 0.0332522 -0.2439460 0.9742498 -0.0164914 0.2248674 12.9665518
0.1636852 0.0342527 -0.9859179 -0.6232944 0.0114639 0.9992635 0.0366196 -0.2442310 0.9864461 -0.0172965 0.1631720 12.9680290
0.1013035 0.0378735 -0.9941344 -0.6420527 0.0110995 0.9991699 0.0391964 -0.2435844 0.9947937 -0.0150051 0.1007990 12.9672384
0.0369329 0.0434369 -0.9983732 -0.6666315 0.0126920 0.9989539 0.0439317 -0.2427454 0.9992371 -0.0142939 0.0363429 12.9659243
-0.0285346 0.0500089 -0.9983411 -0.6857875 0.0141365 0.9986681 0.0496212 -0.2423500 0.9994929 -0.0126971 -0.0292036 12.9630127
-0.0947914 0.0566817 -0.9938821 -0.7084923 0.0158274 0.9983373 0.0554262 -0.2416281 0.9953713 -0.0104766 -0.0955310 12.9588394
-0.1606986 0.0633605 -0.9849676 -0.7318087 0.0181121 0.9979587 0.0612411 -0.2410971 0.9868373 -0.0079985 -0.1615181 12.9527464
-0.2262470 0.0686836 -0.9716455 -0.7589440 0.0217664 0.9976183 0.0654513 -0.2394388 0.9738268 -0.0063411 -0.2272031 12.9443970
-0.2891509 0.0734864 -0.9544587 -0.7801354 0.0256905 0.9972858 0.0690009 -0.2389210 0.9569387 -0.0045689 -0.2902539 12.9356852
-0.3495086 0.0766621 -0.9337915 -0.8039258 0.0296257 0.9970528 0.0707671 -0.2381224 0.9364646 -0.0029305 -0.3507497 12.9240007
-0.4072654 0.0770065 -0.9100576 -0.8319221 0.0328188 0.9970295 0.0696788 -0.2360635 0.9127200 -0.0014892 -0.4085829 12.9081268
-0.4625627 0.0774888 -0.8831937 -0.8538842 0.0358344 0.9969932 0.0687054 -0.2348090 0.8858621 0.0001318 -0.4639486 12.8947105
-0.5132970 0.0773072 -0.8547220 -0.8828497 0.0373361 0.9970032 0.0677543 -0.2326245 0.8573984 0.0028661 -0.5146450 12.8745241
-0.5593861 0.0774386 -0.8252820 -0.9048519 0.0395579 0.9969861 0.0667373 -0.2309315 0.8279627 0.0046855 -0.5607635 12.8575754
-0.5993468 0.0781910 -0.7966616 -0.9299922 0.0405286 0.9969056 0.0673540 -0.2292169 0.7994629 0.0080808 -0.6006612 12.8356934
-0.6359094 0.0811459 -0.7674857 -0.9583006 0.0443512 0.9966560 0.0686283 -0.2267772 0.7704881 0.0096025 -0.6373819 12.8087139
-0.6724236 0.0888819 -0.7348106 -0.9826007 0.0538253 0.9960073 0.0712206 -0.2252653 0.7382069 0.0083390 -0.6745229 12.7857723
-0.7075876 0.0951551 -0.7001895 -1.0124879 0.0608688 0.9954164 0.0737643 -0.2230732 0.7039991 0.0095750 -0.7101363 12.7537308
-0.7404818 0.0960327 -0.6651797 -1.0357642 0.0635446 0.9953088 0.0729555 -0.2206159 0.6690654 0.0117536 -0.7431104 12.7260647
-0.7702575 0.0919049 -0.6310758 -1.0642729 0.0626211 0.9956790 0.0685708 -0.2176197 0.6346509 0.0132985 -0.7726844 12.6875019
