0.9999973 0.0009225 0.0021419 -0.0013341 -0.0009205 0.9999991 -0.0009480 -0.0013936 -0.0021428 0.0009460 0.9999973 0.0688512
0.9999939 0.0013613 0.0032280 -0.0018697 -0.0013598 0.9999990 -0.0004725 -0.0027758 -0.0032286 0.0004681 0.9999947 0.1377430
0.9999803 0.0007558 0.0062219 -0.0038144 -0.0007535 0.9999996 -0.0003768 -0.0040247 -0.0062221 0.0003721 0.9999806 0.2062897
0.9999741 0.0003316 0.0071858 -0.0041339 -0.0003295 0.9999999 -0.0002852 -0.0054507 -0.0071859 0.0002828 0.9999741 0.2756986
0.9999779 -0.0001794 0.0066370 -0.0031874 0.0001804 1.0000000 -0.0001430 -0.0069089 -0.0066370 0.0001442 0.9999779 0.3453014
0.9999838 0.0001446 0.0056927 -0.0017977 -0.0001385 0.9999994 -0.0010688 -0.0081503 -0.0056929 0.0010680 0.9999833 0.4156983
0.9999797 0.0000849 0.0063757 -0.0018943 -0.0000778 0.9999994 -0.0011079 -0.0097336 -0.0063758 0.0011074 0.9999791 0.4843845
0.9999815 -0.0010628 0.0059859 -0.0014364 0.0010608 0.9999994 0.0003407 -0.0111793 -0.0059863 -0.0003343 0.9999820 0.5536004
0.9999894 -0.0018934 0.0042044 -0.0011688 0.0018877 0.9999973 0.0013497 -0.0128547 -0.0042070 -0.0013417 0.9999902 0.6226968
0.9999948 -0.0029856 0.0012428 -0.0009625 0.0029843 0.9999951 0.0010131 -0.0141305 -0.0012458 -0.0010094 0.9999987 0.6912706
0.9999951 -0.0029404 -0.0010756 -0.0016176 0.0029415 0.9999952 0.0009971 -0.0156233 0.0010726 -0.0010002 0.9999989 0.7462784
0.9999900 -0.0026063 -0.0036294 -0.0006601 0.0026114 0.9999956 0.0013976 -0.0176842 0.0036257 -0.0014071 0.9999924 0.8283756
0.9999945 -0.0008694 -0.0031867 -0.0027080 0.0008707 0.9999995 0.0004049 -0.0182170 0.0031864 -0.0004076 0.9999948 0.8957556
0.9999918 -0.0010432 -0.0039007 -0.0034164 0.0010446 0.9999994 0.0003739 -0.0190440 0.0039003 -0.0003780 0.9999923 0.9501694
0.9999896 -0.0017044 -0.0042313 -0.0046066 0.0017079 0.9999982 0.0008351 -0.0206524 0.0042299 -0.0008424 0.9999907 1.0300422
0.9999849 -0.0022810 -0.0049913 -0.0053807 0.0022882 0.9999964 0.0014243 -0.0221648 0.0049881 -0.0014357 0.9999865 1.0844809
0.9999804 -0.0016277 -0.0060454 -0.0057435 0.0016272 0.9999987 -0.0000938 -0.0230751 0.0060456 0.0000839 0.9999817 1.1630764
0.9999782 -0.0017724 -0.0063588 -0.0065961 0.0017666 0.9999980 -0.0009194 -0.0241832 0.0063605 0.0009082 0.9999794 1.2294812
0.9999713 -0.0011707 -0.0074833 -0.0073978 0.0011696 0.9999993 -0.0001434 -0.0258488 0.0074834 0.0001347 0.9999720 1.2936137
0.9999572 -0.0020357 -0.0090254 -0.0077830 0.0020321 0.9999979 -0.0004058 -0.0270806 0.0090262 0.0003875 0.9999592 1.3585609
0.9999462 -0.0023468 -0.0101008 -0.0087433 0.0023372 0.9999968 -0.0009632 -0.0284369 0.0101031 0.0009396 0.9999485 1.4227246
0.9999306 -0.0023018 -0.0115527 -0.0097876 0.0022983 0.9999973 -0.0003156 -0.0296715 0.0115534 0.0002890 0.9999332 1.4859240
0.9999166 -0.0038010 -0.0123485 -0.0111497 0.0038190 0.9999917 0.0014342 -0.0308735 0.0123429 -0.0014812 0.9999228 1.5488436
0.9998942 -0.0040251 -0.0139791 -0.0120330 0.0040458 0.9999908 0.0014477 -0.0320887 0.0139731 -0.0015041 0.9999012 1.6127234
0.9998811 -0.0051206 -0.0145464 -0.0136438 0.0051382 0.9999861 0.0011686 -0.0334922 0.0145402 -0.0012432 0.9998935 1.6666120
0.9998550 -0.0049994 -0.0162802 -0.0145594 0.0049992 0.9999875 -0.0000503 -0.0349106 0.0162802 -0.0000311 0.9998674 1.7381377
0.9998464 -0.0043012 -0.0169894 -0.0163746 0.0043031 0.9999908 0.0000765 -0.0360917 0.0169889 -0.0001496 0.9998557 1.7927175
0.9998181 -0.0046175 -0.0185021 -0.0165385 0.0046358 0.9999888 0.0009456 -0.0380189 0.0184976 -0.0010312 0.9998284 1.8638924
0.9997950 -0.0052189 -0.0195667 -0.0182093 0.0052489 0.9999851 0.0014807 -0.0395074 0.0195587 -0.0015831 0.9998075 1.9183166
0.9997460 -0.0063246 -0.0216321 -0.0174051 0.0063536 0.9999790 0.0012728 -0.0407551 0.0216236 -0.0014099 0.9997652 1.9882859
0.9997073 -0.0067886 -0.0232185 -0.0176678 0.0068051 0.9999766 0.0006332 -0.0415215 0.0232137 -0.0007910 0.9997302 2.0498099
0.9997157 -0.0069838 -0.0227979 -0.0202341 0.0070219 0.9999741 0.0015919 -0.0426375 0.0227862 -0.0017516 0.9997388 2.1036057
0.9996738 -0.0073002 -0.0244716 -0.0203247 0.0073729 0.9999686 0.0028821 -0.0441909 0.0244498 -0.0030616 0.9996964 2.1704736
0.9996924 -0.0061643 -0.0240214 -0.0226646 0.0062504 0.9999743 0.0035076 -0.0448633 0.0239991 -0.0036567 0.9997053 2.2247477
0.9996716 -0.0063380 -0.0248300 -0.0242808 0.0064297 0.9999728 0.0036129 -0.0466420 0.0248065 -0.0037713 0.9996852 2.2901034
0.9996714 -0.0056211 -0.0250095 -0.0261899 0.0057140 0.9999771 0.0036416 -0.0476786 0.0249884 -0.0037833 0.9996806 2.3442771
0.9996807 -0.0026781 -0.0251257 -0.0276431 0.0028085 0.9999828 0.0051590 -0.0483459 0.0251115 -0.0052279 0.9996710 2.4103835
0.9997091 -0.0027954 -0.0239579 -0.0291469 0.0030000 0.9999593 0.0085075 -0.0493542 0.0239331 -0.0085769 0.9996768 2.4649625
0.9997324 -0.0021547 -0.0230326 -0.0303459 0.0024095 0.9999362 0.0110389 -0.0498361 0.0230073 -0.0110915 0.9996738 2.5294759
0.9997714 -0.0010633 -0.0213553 -0.0321070 0.0013601 0.9999026 0.0138885 -0.0499026 0.0213384 -0.0139143 0.9996755 2.5845828
0.9997950 -0.0020743 -0.0201414 -0.0335089 0.0023891 0.9998752 0.0156163 -0.0506544 0.0201065 -0.0156612 0.9996752 2.6476541
0.9998119 -0.0038775 -0.0189996 -0.0345144 0.0041384 0.9998975 0.0137095 -0.0507043 0.0189445 -0.0137855 0.9997255 2.7032394
0.9998220 -0.0026969 -0.0186709 -0.0352767 0.0029236 0.9999222 0.0121270 -0.0509805 0.0186367 -0.0121794 0.9997522 2.7642350
0.9998248 -0.0026273 -0.0185310 -0.0363188 0.0028458 0.9999266 0.0117761 -0.0514492 0.0184987 -0.0118268 0.9997590 2.8213603
0.9998097 -0.0029419 -0.0192846 -0.0374432 0.0031587 0.9999321 0.0112193 -0.0517097 0.0192503 -0.0112781 0.9997511 2.8760071
0.9997869 -0.0038455 -0.0202812 -0.0384290 0.0040502 0.9999412 0.0100612 -0.0522031 0.0202413 -0.0101412 0.9997437 2.9338479
0.9997430 -0.0036708 -0.0223700 -0.0398358 0.0039015 0.9999396 0.0102787 -0.0526037 0.0223310 -0.0103634 0.9996969 2.9901485
0.9997023 -0.0039667 -0.0240744 -0.0415735 0.0042427 0.9999258 0.0114223 -0.0531378 0.0240273 -0.0115210 0.9996449 3.0466833
0.9996566 -0.0044181 -0.0258305 -0.0432001 0.0047295 0.9999167 0.0120080 -0.0536938 0.0257753 -0.0121260 0.9995942 3.1026630
0.9996284 -0.0030306 -0.0270888 -0.0449947 0.0033439 0.9999279 0.0115286 -0.0539537 0.0270519 -0.0116149 0.9995666 3.1588635
0.9996015 -0.0032428 -0.0280403 -0.0468342 0.0035715 0.9999254 0.0116802 -0.0546576 0.0280003 -0.0117757 0.9995385 3.2144172
0.9995869 -0.0039944 -0.0284598 -0.0488119 0.0043116 0.9999292 0.0110917 -0.0551359 0.0284134 -0.0112098 0.9995334 3.2696264
0.9995620 -0.0047134 -0.0292169 -0.0504727 0.0050095 0.9999368 0.0100716 -0.0555306 0.0291676 -0.0102136 0.9995223 3.3251870
0.9995288 -0.0054588 -0.0302060 -0.0522644 0.0058107 0.9999161 0.0115718 -0.0563000 0.0301403 -0.0117419 0.9994767 3.3804057
0.9995081 -0.0056943 -0.0308403 -0.0541576 0.0061084 0.9998922 0.0133503 -0.0570119 0.0307609 -0.0135321 0.9994352 3.4351659
0.9994867 -0.0052207 -0.0316090 -0.0562353 0.0055830 0.9999196 0.0113871 -0.0573606 0.0315470 -0.0115577 0.9994354 3.4899204
0.9994868 -0.0034121 -0.0318503 -0.0584977 0.0037361 0.9999418 0.0101201 -0.0576980 0.0318139 -0.0102339 0.9994414 3.5442343
0.9994832 -0.0013552 -0.0321183 -0.0607825 0.0016930 0.9999435 0.0104935 -0.0582261 0.0321023 -0.0105425 0.9994290 3.5984647
0.9994650 0.0004091 -0.0327046 -0.0628543 -0.0000607 0.9999433 0.0106527 -0.0587021 0.0327071 -0.0106450 0.9994083 3.6526020
0.9994695 0.0021532 -0.0324992 -0.0652685 -0.0017939 0.9999370 0.0110813 -0.0593334 0.0325211 -0.0110172 0.9994103 3.7065952
0.9994764 0.0025643 -0.0322534 -0.0672915 -0.0021678 0.9999217 0.0123202 -0.0599697 0.0322825 -0.0122439 0.9994038 3.7608600
0.9995266 0.0048889 -0.0303745 -0.0694989 -0.0045154 0.9999135 0.0123550 -0.0600243 0.0304322 -0.0122120 0.9994622 3.8134141
0.9996077 0.0031033 -0.0278372 -0.0715709 -0.0028166 0.9999427 0.0103312 -0.0607632 0.0278677 -0.0102488 0.9995591 3.8663905
0.9996733 -0.0002609 -0.0255572 -0.0736189 0.0004128 0.9999823 0.0059367 -0.0615915 0.0255552 -0.0059453 0.9996557 3.9201174
0.9997348 0.0012643 -0.0229931 -0.0751586 -0.0011509 0.9999871 0.0049474 -0.0620833 0.0229991 -0.0049197 0.9997234 3.9716675
0.9997888 -0.0002431 -0.0205512 -0.0767503 0.0004218 0.9999622 0.0086923 -0.0629321 0.0205483 -0.0086992 0.9997510 4.0242138
0.9998539 -0.0003271 -0.0170882 -0.0786435 0.0004990 0.9999493 0.0100551 -0.0636101 0.0170840 -0.0100622 0.9998034 4.0773792
0.9999022 -0.0002275 -0.0139816 -0.0795763 0.0003470 0.9999634 0.0085482 -0.0644377 0.0139792 -0.0085522 0.9998657 4.1328473
0.9999487 -0.0005422 -0.0101105 -0.0803147 0.0005951 0.9999861 0.0052327 -0.0647143 0.0101076 -0.0052384 0.9999352 4.1747570
0.9999760 -0.0021522 -0.0065914 -0.0812138 0.0021640 0.9999961 0.0017816 -0.0654354 0.0065875 -0.0017958 0.9999767 4.2233911
0.9999878 -0.0035556 -0.0034142 -0.0818319 0.0035591 0.9999931 0.0010329 -0.0664034 0.0034105 -0.0010450 0.9999936 4.2766356
0.9999955 -0.0029687 0.0004803 -0.0824549 0.0029674 0.9999921 0.0026213 -0.0672654 -0.0004881 -0.0026199 0.9999964 4.3198104
0.9999890 -0.0018243 0.0043261 -0.0828907 0.0018109 0.9999936 0.0031054 -0.0682571 -0.0043317 -0.0030976 0.9999858 4.3672762
0.9999639 -0.0023219 0.0081788 -0.0832390 0.0023154 0.9999970 0.0008069 -0.0691586 -0.0081807 -0.0007880 0.9999662 4.4194975
0.9999319 -0.0023942 0.0114168 -0.0830611 0.0024089 0.9999963 -0.0012731 -0.0698358 -0.0114137 0.0013006 0.9999340 4.4621229
0.9998924 -0.0026709 0.0144247 -0.0828051 0.0026953 0.9999950 -0.0016674 -0.0708818 -0.0144202 0.0017061 0.9998946 4.5098166
0.9998469 -0.0042526 0.0169739 -0.0818536 0.0042635 0.9999907 -0.0006037 -0.0717272 -0.0169712 0.0006759 0.9998558 4.5573850
0.9997941 -0.0044298 0.0198024 -0.0814277 0.0044158 0.9999900 0.0007503 -0.0724568 -0.0198055 -0.0006627 0.9998036 4.6042981
0.9997371 -0.0053396 0.0222978 -0.0807468 0.0052832 0.9999827 0.0025851 -0.0734290 -0.0223112 -0.0024666 0.9997481 4.6513772
0.9996729 -0.0068238 0.0246461 -0.0799068 0.0067398 0.9999712 0.0034897 -0.0741723 -0.0246692 -0.0033225 0.9996902 4.6983953
0.9996031 -0.0080492 0.0269977 -0.0792057 0.0080161 0.9999670 0.0013342 -0.0750286 -0.0270076 -0.0011173 0.9996346 4.7451663
0.9995393 -0.0096435 0.0287773 -0.0776866 0.0096946 0.9999517 -0.0016379 -0.0764616 -0.0287601 0.0019162 0.9995845 4.7975144
0.9994714 -0.0084352 0.0313985 -0.0773774 0.0085860 0.9999523 -0.0046714 -0.0768877 -0.0313576 0.0049385 0.9994960 4.8380985
0.9994115 -0.0085905 0.0332091 -0.0765090 0.0087796 0.9999461 -0.0055523 -0.0780347 -0.0331596 0.0058405 0.9994330 4.8912034
0.9994126 -0.0086008 0.0331739 -0.0751527 0.0087792 0.9999477 -0.0052360 -0.0787359 -0.0331272 0.0055242 0.9994359 4.9328170
0.9994526 -0.0081883 0.0320538 -0.0737046 0.0082896 0.9999611 -0.0030275 -0.0802172 -0.0320278 0.0032915 0.9994816 4.9858141
0.9994806 -0.0090114 0.0309398 -0.0729109 0.0090728 0.9999571 -0.0018442 -0.0807928 -0.0309219 0.0021239 0.9995195 5.0282631
0.9995487 -0.0084084 0.0288373 -0.0717494 0.0084494 0.9999635 -0.0013005 -0.0816239 -0.0288253 0.0015435 0.9995832 5.0827670
0.9996154 -0.0081148 0.0265178 -0.0713376 0.0081350 0.9999667 -0.0006516 -0.0827024 -0.0265116 0.0008671 0.9996482 5.1369033
0.9996868 -0.0076001 0.0238463 -0.0712464 0.0076203 0.9999707 -0.0007564 -0.0836408 -0.0238398 0.0009379 0.9997153 5.1727500
0.9997780 -0.0057985 0.0202542 -0.0711491 0.0058276 0.9999821 -0.0013788 -0.0843080 -0.0202459 0.0014965 0.9997939 5.2211356
0.9998505 -0.0058438 0.0162747 -0.0711389 0.0058590 0.9999824 -0.0008896 -0.0855930 -0.0162693 0.0009848 0.9998671 5.2752604
0.9999127 -0.0053099 0.0120962 -0.0705547 0.0053100 0.9999859 0.0000271 -0.0862981 -0.0120962 0.0000372 0.9999269 5.3184724
0.9999575 -0.0048510 0.0078387 -0.0710312 0.0048432 0.9999878 0.0010174 -0.0874491 -0.0078435 -0.0009794 0.9999688 5.3734961
0.9999833 -0.0047421 0.0033180 -0.0709068 0.0047380 0.9999880 0.0012583 -0.0879076 -0.0033240 -0.0012426 0.9999937 5.4156899
0.9999906 -0.0041696 -0.0011563 -0.0718055 0.0041708 0.9999907 0.0011077 -0.0886216 0.0011517 -0.0011125 0.9999987 5.4709663
0.9999712 -0.0033389 -0.0068197 -0.0716917 0.0033490 0.9999933 0.0014787 -0.0898674 0.0068147 -0.0015015 0.9999757 5.5132685
0.9999284 -0.0030358 -0.0115734 -0.0729230 0.0030497 0.9999946 0.0011796 -0.0909862 0.0115697 -0.0012148 0.9999323 5.5672655
0.9998674 -0.0021033 -0.0161466 -0.0742568 0.0021098 0.9999977 0.0003902 -0.0916386 0.0161458 -0.0004243 0.9998696 5.6110559
0.9998038 -0.0001853 -0.0198085 -0.0757880 0.0001934 0.9999999 0.0004067 -0.0928196 0.0198084 -0.0004105 0.9998037 5.6662512
0.9997592 0.0016908 -0.0218783 -0.0773695 -0.0016799 0.9999985 0.0005149 -0.0935294 0.0218791 -0.0004780 0.9997605 5.7089324
0.9997425 0.0033447 -0.0224432 -0.0797044 -0.0033396 0.9999944 0.0002626 -0.0946757 0.0224439 -0.0001875 0.9997481 5.7643552
0.9996972 0.0052462 -0.0240417 -0.0809259 -0.0052327 0.9999861 0.0006217 -0.0954429 0.0240447 -0.0004957 0.9997107 5.8079906
0.9996699 0.0064780 -0.0248620 -0.0831535 -0.0064484 0.9999784 0.0012678 -0.0962313 0.0248697 -0.0011070 0.9996901 5.8636680
0.9996509 0.0062818 -0.0256648 -0.0846813 -0.0062421 0.9999792 0.0016275 -0.0971765 0.0256745 -0.0014667 0.9996693 5.9070082
0.9996101 0.0100096 -0.0260675 -0.0871757 -0.0099214 0.9999446 0.0035103 -0.0978754 0.0261012 -0.0032503 0.9996540 5.9630032
0.9995615 0.0112520 -0.0273875 -0.0884660 -0.0110670 0.9999149 0.0068976 -0.0985714 0.0274627 -0.0065915 0.9996011 6.0068464
0.9995571 0.0101023 -0.0279916 -0.0904575 -0.0099249 0.9999298 0.0064692 -0.0993938 0.0280550 -0.0061885 0.9995872 6.0625186
0.9995588 0.0098132 -0.0280332 -0.0934483 -0.0096957 0.9999437 0.0043247 -0.0996082 0.0280740 -0.0040510 0.9995976 6.1201391
0.9995556 0.0070625 -0.0289583 -0.0946048 -0.0069041 0.9999607 0.0055644 -0.1002043 0.0289965 -0.0053620 0.9995651 6.1566753
0.9995538 0.0048678 -0.0294701 -0.0972375 -0.0046503 0.9999614 0.0074461 -0.1010218 0.0295052 -0.0073058 0.9995379 6.2135687
0.9995330 0.0016729 -0.0305129 -0.0981420 -0.0013833 0.9999538 0.0095123 -0.1017019 0.0305274 -0.0094656 0.9994891 6.2568822
0.9995316 -0.0000067 -0.0306020 -0.1003090 0.0003240 0.9999462 0.0103640 -0.1017710 0.0306002 -0.0103691 0.9994779 6.3141265
0.9995148 -0.0043425 -0.0308453 -0.1018469 0.0046076 0.9999530 0.0085272 -0.1024631 0.0308069 -0.0086651 0.9994878 6.3575425
0.9994957 -0.0074195 -0.0308744 -0.1040224 0.0076790 0.9999361 0.0082953 -0.1034168 0.0308109 -0.0085282 0.9994888 6.4143305
0.9995034 -0.0078087 -0.0305265 -0.1056346 0.0080462 0.9999382 0.0076651 -0.1036814 0.0304648 -0.0079069 0.9995046 6.4580927
0.9995254 -0.0073849 -0.0299065 -0.1079994 0.0076259 0.9999393 0.0079503 -0.1040881 0.0298460 -0.0081746 0.9995211 6.5157385
0.9995326 -0.0081613 -0.0294609 -0.1096694 0.0084538 0.9999161 0.0098179 -0.1045479 0.0293783 -0.0100624 0.9995177 6.5578284
0.9995462 -0.0059852 -0.0295215 -0.1111835 0.0063226 0.9999156 0.0113502 -0.1048735 0.0294511 -0.0115317 0.9994997 6.6146541
0.9995817 -0.0058546 -0.0283221 -0.1136675 0.0061391 0.9999315 0.0099700 -0.1058910 0.0282617 -0.0101397 0.9995492 6.6576247
0.9995996 -0.0052087 -0.0278137 -0.1156436 0.0054378 0.9999518 0.0081688 -0.1067444 0.0277698 -0.0083167 0.9995797 6.7151713
0.9995998 -0.0056904 -0.0277105 -0.1170042 0.0058470 0.9999674 0.0055736 -0.1069634 0.0276779 -0.0057334 0.9996005 6.7572379
0.9995978 -0.0073121 -0.0273989 -0.1191504 0.0073535 0.9999720 0.0014123 -0.1079618 0.0273878 -0.0016132 0.9996236 6.8151326
0.9996127 -0.0069592 -0.0269454 -0.1206296 0.0069159 0.9999747 -0.0017005 -0.1088618 0.0269565 0.0015135 0.9996355 6.8557582
0.9996194 -0.0073030 -0.0266053 -0.1226688 0.0072385 0.9999706 -0.0025182 -0.1102723 0.0266229 0.0023247 0.9996428 6.9127913
0.9996064 -0.0076763 -0.0269841 -0.1241011 0.0076094 0.9999677 -0.0025833 -0.1108275 0.0270031 0.0023769 0.9996325 6.9537835
0.9996057 -0.0071020 -0.0271686 -0.1259089 0.0070546 0.9999734 -0.0018411 -0.1122218 0.0271810 0.0016487 0.9996291 7.0102820
0.9996120 -0.0064429 -0.0270991 -0.1280359 0.0064283 0.9999791 -0.0006275 -0.1131572 0.0271026 0.0004530 0.9996325 7.0512047
0.9996131 -0.0052637 -0.0273124 -0.1303263 0.0052614 0.9999862 -0.0001555 -0.1143013 0.0273129 0.0000118 0.9996269 7.1082139
0.9995874 -0.0058042 -0.0281299 -0.1314712 0.0057806 0.9999829 -0.0009210 -0.1151340 0.0281347 0.0007580 0.9996039 7.1484966
0.9995773 -0.0049142 -0.0286524 -0.1340471 0.0048942 0.9999877 -0.0007658 -0.1158887 0.0286558 0.0006252 0.9995891 7.2057209
0.9995582 -0.0054082 -0.0292247 -0.1356515 0.0054316 0.9999850 0.0007214 -0.1172081 0.0292203 -0.0008799 0.9995726 7.2459226
0.9995396 -0.0045817 -0.0299936 -0.1375626 0.0046153 0.9999888 0.0010496 -0.1181739 0.0299884 -0.0011875 0.9995496 7.2952132
0.9995186 -0.0046215 -0.0306792 -0.1401266 0.0046279 0.9999893 0.0001364 -0.1195318 0.0306782 -0.0002783 0.9995293 7.3527274
0.9995093 -0.0039325 -0.0310759 -0.1420454 0.0039032 0.9999919 -0.0010026 -0.1201782 0.0310795 0.0008808 0.9995165 7.3921528
0.9994885 -0.0035088 -0.0317864 -0.1444309 0.0034967 0.9999938 -0.0004370 -0.1219563 0.0317877 0.0003256 0.9994946 7.4502397
0.9994537 -0.0037809 -0.0328345 -0.1459207 0.0037249 0.9999915 -0.0017662 -0.1223443 0.0328409 0.0016430 0.9994593 7.4904175
0.9994379 -0.0033922 -0.0333515 -0.1488737 0.0033004 0.9999906 -0.0028071 -0.1236449 0.0333607 0.0026954 0.9994397 7.5478635
0.9994179 -0.0028329 -0.0339969 -0.1505792 0.0027510 0.9999932 -0.0024565 -0.1245652 0.0340036 0.0023616 0.9994189 7.5874925
0.9993908 -0.0030668 -0.0347660 -0.1528734 0.0030382 0.9999950 -0.0008756 -0.1258172 0.0347685 0.0007695 0.9993951 7.6358829
0.9993570 -0.0029469 -0.0357342 -0.1554221 0.0029612 0.9999955 0.0003473 -0.1275599 0.0357330 -0.0004529 0.9993613 7.6927581
0.9993309 -0.0023178 -0.0365008 -0.1572141 0.0023031 0.9999973 -0.0004435 -0.1276395 0.0365017 0.0003591 0.9993335 7.7337112
0.9993232 -0.0017169 -0.0367442 -0.1603908 0.0017121 0.9999985 -0.0001619 -0.1287713 0.0367444 0.0000989 0.9993247 7.7912350
0.9992798 -0.0017095 -0.0379072 -0.1619616 0.0016805 0.9999983 -0.0007955 -0.1298338 0.0379085 0.0007312 0.9992809 7.8315177
0.9992793 -0.0009532 -0.0379483 -0.1655305 0.0009025 0.9999987 -0.0013553 -0.1309884 0.0379495 0.0013200 0.9992788 7.8891711
0.9992519 -0.0006101 -0.0386684 -0.1671793 0.0005726 0.9999993 -0.0009805 -0.1317292 0.0386690 0.0009576 0.9992516 7.9290543
0.9992470 -0.0008054 -0.0387919 -0.1707112 0.0007213 0.9999974 -0.0021813 -0.1332010 0.0387935 0.0021517 0.9992449 7.9860291
0.9992338 -0.0027190 -0.0390427 -0.1720804 0.0025715 0.9999894 -0.0038282 -0.1339082 0.0390527 0.0037248 0.9992302 8.0265684
0.9992099 -0.0059461 -0.0392952 -0.1750313 0.0058199 0.9999775 -0.0033236 -0.1353528 0.0393140 0.0030922 0.9992221 8.0842543
0.9991908 -0.0053747 -0.0398610 -0.1766933 0.0053929 0.9999854 0.0003498 -0.1363002 0.0398585 -0.0005645 0.9992052 8.1245918
0.9991850 -0.0059885 -0.0399172 -0.1792635 0.0061830 0.9999696 0.0047487 -0.1373687 0.0398875 -0.0049916 0.9991917 8.1735468
0.9991862 -0.0051687 -0.0400042 -0.1818679 0.0053361 0.9999775 0.0040798 -0.1382369 0.0399822 -0.0042899 0.9991912 8.2224960
0.9991984 -0.0038779 -0.0398436 -0.1844252 0.0039202 0.9999918 0.0009839 -0.1389844 0.0398394 -0.0011393 0.9992055 8.2710028
0.9992000 -0.0032044 -0.0398619 -0.1875643 0.0031689 0.9999945 -0.0009542 -0.1400768 0.0398648 0.0008271 0.9992048 8.3283148
0.9991759 -0.0038326 -0.0404084 -0.1892227 0.0038060 0.9999925 -0.0007352 -0.1409416 0.0404109 0.0005808 0.9991830 8.3675108
0.9991741 -0.0038529 -0.0404523 -0.1922795 0.0038740 0.9999924 0.0004421 -0.1421563 0.0404503 -0.0005984 0.9991814 8.4236307
0.9991813 -0.0039228 -0.0402647 -0.1942632 0.0040322 0.9999884 0.0026369 -0.1430167 0.0402539 -0.0027971 0.9991856 8.4648867
0.9992096 -0.0050148 -0.0394334 -0.1972046 0.0051622 0.9999800 0.0036376 -0.1443692 0.0394144 -0.0038383 0.9992156 8.5225029
0.9992623 -0.0043621 -0.0381543 -0.2002577 0.0044821 0.9999853 0.0030594 -0.1452789 0.0381403 -0.0032282 0.9992672 8.5783243
0.9992946 -0.0056997 -0.0371183 -0.2007170 0.0057575 0.9999824 0.0014506 -0.1458069 0.0371094 -0.0016632 0.9993098 8.6079836
0.9993489 -0.0055435 -0.0356519 -0.2035296 0.0055374 0.9999846 -0.0002698 -0.1466284 0.0356529 0.0000722 0.9993643 8.6639891
0.9993977 -0.0063683 -0.0341126 -0.2066918 0.0063616 0.9999797 -0.0003045 -0.1484355 0.0341139 0.0000873 0.9994180 8.7203999
0.9994162 -0.0064065 -0.0335590 -0.2065632 0.0064142 0.9999794 0.0001217 -0.1484565 0.0335575 -0.0003369 0.9994367 8.7490921
0.9994612 -0.0069604 -0.0320758 -0.2093175 0.0070219 0.9999737 0.0018070 -0.1497137 0.0320624 -0.0020313 0.9994838 8.8049469
0.9994997 -0.0056985 -0.0311117 -0.2106135 0.0057767 0.9999804 0.0024230 -0.1504212 0.0310973 -0.0026015 0.9995130 8.8426428
0.9995480 -0.0054072 -0.0295730 -0.2131641 0.0054812 0.9999821 0.0024239 -0.1513004 0.0295594 -0.0025849 0.9995597 8.8971596
0.9995537 -0.0058468 -0.0292947 -0.2148706 0.0059311 0.9999785 0.0027914 -0.1529675 0.0292777 -0.0029639 0.9995669 8.9514704
0.9995880 -0.0058034 -0.0281121 -0.2159191 0.0058796 0.9999793 0.0026302 -0.1532653 0.0280962 -0.0027944 0.9996013 8.9805079
0.9996166 -0.0051734 -0.0271995 -0.2181498 0.0052528 0.9999821 0.0028485 -0.1545835 0.0271842 -0.0029903 0.9996260 9.0340538
0.9996316 -0.0055624 -0.0265646 -0.2195526 0.0056299 0.9999811 0.0024669 -0.1549150 0.0265504 -0.0026155 0.9996440 9.0706701
0.9996439 -0.0067016 -0.0258283 -0.2215855 0.0067775 0.9999729 0.0028527 -0.1563448 0.0258085 -0.0030267 0.9996623 9.1242533
0.9996509 -0.0065864 -0.0255882 -0.2228350 0.0066793 0.9999714 0.0035453 -0.1568925 0.0255641 -0.0037150 0.9996663 9.1593657
0.9996399 -0.0072957 -0.0258212 -0.2249119 0.0074152 0.9999622 0.0045352 -0.1580087 0.0257871 -0.0047251 0.9996563 9.2111979
0.9996135 -0.0072275 -0.0268451 -0.2257697 0.0073537 0.9999624 0.0046021 -0.1587450 0.0268108 -0.0047977 0.9996290 9.2455502
0.9996008 -0.0066681 -0.0274554 -0.2275323 0.0067736 0.9999700 0.0037518 -0.1600265 0.0274296 -0.0039362 0.9996160 9.2959881
0.9996015 -0.0066261 -0.0274404 -0.2294598 0.0067104 0.9999731 0.0029789 -0.1606239 0.0274200 -0.0031619 0.9996190 9.3293972
0.9995807 -0.0065069 -0.0282134 -0.2310121 0.0065895 0.9999743 0.0028354 -0.1615158 0.0281943 -0.0030202 0.9995979 9.3706179
0.9995351 -0.0071329 -0.0296419 -0.2325284 0.0072170 0.9999703 0.0027300 -0.1623808 0.0296216 -0.0029426 0.9995568 9.4113913
0.9994786 -0.0074840 -0.0314076 -0.2341154 0.0076036 0.9999643 0.0036889 -0.1632487 0.0313789 -0.0039258 0.9994999 9.4513559
0.9994066 -0.0083999 -0.0334053 -0.2358289 0.0085819 0.9999491 0.0053078 -0.1640452 0.0333590 -0.0055914 0.9994278 9.4916391
0.9993326 -0.0080287 -0.0356361 -0.2376118 0.0082727 0.9999433 0.0067061 -0.1646991 0.0355803 -0.0069965 0.9993423 9.5310574
0.9992453 -0.0081874 -0.0379720 -0.2395024 0.0084506 0.9999413 0.0067760 -0.1654552 0.0379143 -0.0070918 0.9992558 9.5699520
0.9991500 -0.0077618 -0.0404849 -0.2419846 0.0080085 0.9999503 0.0059362 -0.1660901 0.0404369 -0.0062554 0.9991625 9.6154861
0.9990214 -0.0076753 -0.0435584 -0.2434991 0.0079608 0.9999479 0.0063854 -0.1667981 0.0435071 -0.0067259 0.9990305 9.6454430
0.9988844 -0.0071925 -0.0466719 -0.2460070 0.0075127 0.9999494 0.0066894 -0.1674935 0.0466214 -0.0070326 0.9988879 9.6891470
0.9987332 -0.0070575 -0.0498214 -0.2474284 0.0073885 0.9999518 0.0064629 -0.1682640 0.0497734 -0.0068228 0.9987372 9.7177019
0.9985757 -0.0069933 -0.0528932 -0.2500680 0.0073000 0.9999576 0.0056083 -0.1686642 0.0528517 -0.0059864 0.9985844 9.7591963
0.9983920 -0.0073677 -0.0562061 -0.2517016 0.0076672 0.9999576 0.0051133 -0.1694460 0.0561661 -0.0055360 0.9984061 9.7862062
0.9982119 -0.0062162 -0.0594500 -0.2545218 0.0065117 0.9999674 0.0047770 -0.1703296 0.0594184 -0.0051556 0.9982198 9.8254309
0.9980209 -0.0062532 -0.0625703 -0.2564228 0.0065415 0.9999689 0.0044032 -0.1709562 0.0625408 -0.0048038 0.9980308 9.8510036
0.9978797 -0.0045090 -0.0649293 -0.2592522 0.0047709 0.9999811 0.0038799 -0.1715342 0.0649105 -0.0041814 0.9978823 9.8886976
0.9978257 -0.0037118 -0.0658027 -0.2612126 0.0040222 0.9999814 0.0045859 -0.1721633 0.0657844 -0.0048406 0.9978221 9.9132051
0.9978371 -0.0040174 -0.0656120 -0.2640110 0.0043873 0.9999753 0.0054945 -0.1729313 0.0655883 -0.0057705 0.9978301 9.9488630
0.9978732 -0.0034858 -0.0650922 -0.2659736 0.0038994 0.9999730 0.0062282 -0.1733143 0.0650688 -0.0064687 0.9978598 9.9722729
0.9978808 -0.0037878 -0.0649590 -0.2684921 0.0041738 0.9999744 0.0058077 -0.1739097 0.0649353 -0.0060665 0.9978710 10.0061302
0.9979218 -0.0033844 -0.0643469 -0.2702286 0.0036390 0.9999860 0.0038395 -0.1744341 0.0643330 -0.0040657 0.9979202 10.0291414
0.9979428 -0.0035809 -0.0640108 -0.2724179 0.0037122 0.9999912 0.0019325 -0.1752316 0.0640033 -0.0021662 0.9979473 10.0625582
0.9980481 -0.0034374 -0.0623560 -0.2743514 0.0034783 0.9999938 0.0005466 -0.1756981 0.0623537 -0.0007624 0.9980538 10.0851927
0.9981010 -0.0030172 -0.0615245 -0.2763694 0.0030135 0.9999955 -0.0001530 -0.1762498 0.0615246 -0.0000327 0.9981056 10.1186800
0.9982383 -0.0030708 -0.0592533 -0.2784478 0.0030709 0.9999953 -0.0000892 -0.1768585 0.0592533 -0.0000929 0.9982430 10.1406555
0.9983425 -0.0032838 -0.0574580 -0.2806768 0.0032743 0.9999946 -0.0002594 -0.1774357 0.0574585 0.0000709 0.9983479 10.1733618
0.9984475 -0.0035306 -0.0555886 -0.2821305 0.0035252 0.9999937 -0.0001946 -0.1781713 0.0555890 -0.0000016 0.9984537 10.1958199
0.9985484 -0.0038839 -0.0537210 -0.2839966 0.0038394 0.9999922 -0.0009318 -0.1785851 0.0537242 0.0007242 0.9985555 10.2281141
0.9986922 -0.0040374 -0.0509679 -0.2853527 0.0040445 0.9999918 0.0000365 -0.1795013 0.0509674 -0.0002426 0.9987003 10.2501392
0.9988407 -0.0050809 -0.0478694 -0.2871773 0.0051166 0.9999867 0.0006222 -0.1801181 0.0478656 -0.0008664 0.9988534 10.2823753
0.9989734 -0.0059542 -0.0449074 -0.2884276 0.0059958 0.9999817 0.0007921 -0.1805483 0.0449019 -0.0010605 0.9989908 10.3039579
0.9990942 -0.0062539 -0.0420900 -0.2899100 0.0063070 0.9999795 0.0011270 -0.1811452 0.0420821 -0.0013915 0.9991132 10.3357649
0.9992172 -0.0063026 -0.0390543 -0.2910091 0.0063261 0.9999799 0.0004785 -0.1815992 0.0390505 -0.0007252 0.9992370 10.3570642
0.9993419 -0.0069341 -0.0356042 -0.2927745 0.0069581 0.9999756 0.0005502 -0.1824016 0.0355995 -0.0007976 0.9993658 10.3882723
0.9994357 -0.0055665 -0.0331255 -0.2935120 0.0055482 0.9999844 -0.0006438 -0.1826244 0.0331286 0.0004597 0.9994510 10.4098644
0.9995275 -0.0052606 -0.0302853 -0.2947985 0.0052280 0.9999857 -0.0011535 -0.1833122 0.0302909 0.0009947 0.9995406 10.4415522
0.9996119 -0.0046110 -0.0274735 -0.2956340 0.0045977 0.9999893 -0.0005442 -0.1836551 0.0274757 0.0004177 0.9996224 10.4634399
0.9996840 -0.0042943 -0.0247687 -0.2968664 0.0042957 0.9999908 0.0000043 -0.1841649 0.0247685 -0.0001107 0.9996932 10.4957762
0.9997244 -0.0048806 -0.0229606 -0.2974204 0.0048770 0.9999881 -0.0002136 -0.1846862 0.0229613 0.0001016 0.9997364 10.5177555
0.9997651 -0.0056541 -0.0209221 -0.2985865 0.0056310 0.9999835 -0.0011664 -0.1855380 0.0209284 0.0010483 0.9997804 10.5500298
0.9997990 -0.0052750 -0.0193412 -0.2989723 0.0051998 0.9999787 -0.0039370 -0.1859245 0.0193616 0.0038356 0.9998052 10.5724154
0.9998078 -0.0066092 -0.0184566 -0.2998030 0.0065091 0.9999638 -0.0054779 -0.1864484 0.0184921 0.0053567 0.9998146 10.5998907
0.9998158 -0.0068049 -0.0179474 -0.3009585 0.0067049 0.9999617 -0.0056251 -0.1872927 0.0179850 0.0055037 0.9998231 10.6331778
0.9998183 -0.0066849 -0.0178512 -0.3015050 0.0065696 0.9999573 -0.0065066 -0.1876712 0.0178939 0.0063882 0.9998195 10.6557198
0.9998274 -0.0051264 -0.0178534 -0.3023497 0.0050039 0.9999637 -0.0068983 -0.1883527 0.0178881 0.0068078 0.9998168 10.6839666
0.9998431 -0.0053723 -0.0168793 -0.3037341 0.0052504 0.9999599 -0.0072580 -0.1892734 0.0169176 0.0071682 0.9998312 10.7182617
0.9998329 -0.0059279 -0.0172904 -0.3041075 0.0057696 0.9999412 -0.0091884 -0.1896715 0.0173439 0.0090871 0.9998083 10.7418022
0.9997954 -0.0106906 -0.0171686 -0.3047835 0.0105075 0.9998873 -0.0107179 -0.1908457 0.0172812 0.0105353 0.9997951 10.7772446
0.9997832 -0.0130301 -0.0162445 -0.3054073 0.0128350 0.9998449 -0.0120594 -0.1911275 0.0163991 0.0118482 0.9997953 10.7989950
0.9998379 -0.0097453 -0.0151360 -0.3069551 0.0096091 0.9999129 -0.0090482 -0.1915240 0.0152228 0.0089012 0.9998445 10.8349161
0.9998599 -0.0065694 -0.0153957 -0.3071044 0.0065353 0.9999761 -0.0022617 -0.1924233 0.0154102 0.0021608 0.9998789 10.8582668
0.9998571 -0.0074188 -0.0151918 -0.3075152 0.0074365 0.9999717 0.0011070 -0.1933019 0.0151831 -0.0012198 0.9998840 10.8937559
0.9998909 -0.0080148 -0.0124087 -0.3085690 0.0080062 0.9999677 -0.0007406 -0.1941328 0.0124142 0.0006412 0.9999228 10.9302053
0.9999302 -0.0075067 -0.0091242 -0.3085168 0.0074442 0.9999487 -0.0068622 -0.1946907 0.0091753 0.0067938 0.9999349 10.9664402
0.9999713 -0.0061440 -0.0044399 -0.3096685 0.0060964 0.9999246 -0.0106593 -0.1947046 0.0045050 0.0106319 0.9999333 10.9792223
0.9999905 -0.0039751 -0.0017925 -0.3099419 0.0039567 0.9999404 -0.0101769 -0.1957765 0.0018328 0.0101697 0.9999466 11.0169430
0.9999795 -0.0061838 0.0016632 -0.3101473 0.0061961 0.9999525 -0.0075262 -0.1970543 -0.0016166 0.0075363 0.9999703 11.0542297
0.9999529 -0.0085732 0.0045484 -0.3101953 0.0085953 0.9999512 -0.0048631 -0.1969813 -0.0045065 0.0049020 0.9999778 11.0737400
0.9999164 -0.0106471 0.0073352 -0.3103157 0.0106707 0.9999380 -0.0031947 -0.1979148 -0.0073007 0.0032727 0.9999680 11.1117249
0.9998938 -0.0099404 0.0106540 -0.3103796 0.0099699 0.9999466 -0.0027114 -0.1985125 -0.0106265 0.0028173 0.9999396 11.1375504
0.9998677 -0.0084349 0.0139055 -0.3106161 0.0085001 0.9999531 -0.0046378 -0.1995907 -0.0138658 0.0047554 0.9998925 11.1767712
0.9998481 -0.0073662 0.0157978 -0.3102049 0.0074709 0.9999505 -0.0065792 -0.2007082 -0.0157486 0.0066962 0.9998536 11.2150946
0.9998094 -0.0066304 0.0183642 -0.3102698 0.0067668 0.9999499 -0.0073749 -0.2004716 -0.0183143 0.0074978 0.9998041 11.2334337
0.9997554 -0.0060922 0.0212619 -0.3104305 0.0062088 0.9999660 -0.0054242 -0.2013387 -0.0212281 0.0055548 0.9997592 11.2713089
0.9997024 -0.0035973 0.0241282 -0.3095507 0.0036940 0.9999853 -0.0039635 -0.2018389 -0.0241135 0.0040515 0.9997010 11.2978497
0.9996303 -0.0031026 0.0270122 -0.3090018 0.0032174 0.9999859 -0.0042100 -0.2026347 -0.0269988 0.0042953 0.9996262 11.3365583
0.9995555 -0.0022327 0.0297311 -0.3087378 0.0023854 0.9999841 -0.0051043 -0.2028093 -0.0297192 0.0051730 0.9995449 11.3616705
0.9994819 -0.0032252 0.0320255 -0.3075039 0.0034301 0.9999740 -0.0063454 -0.2031169 -0.0320042 0.0064519 0.9994669 11.4009390
0.9993908 -0.0072618 0.0341357 -0.3071138 0.0074239 0.9999617 -0.0046238 -0.2044815 -0.0341008 0.0048744 0.9994065 11.4258242
0.9993517 -0.0082901 0.0350340 -0.3061671 0.0084552 0.9999538 -0.0045684 -0.2054079 -0.0349945 0.0048616 0.9993757 11.4649925
0.9993280 -0.0085313 0.0356486 -0.3055803 0.0087166 0.9999493 -0.0050450 -0.2058124 -0.0356037 0.0053523 0.9993517 11.4899244
0.9992961 -0.0092330 0.0363590 -0.3048124 0.0094023 0.9999457 -0.0044894 -0.2070854 -0.0363156 0.0048281 0.9993287 11.5293140
0.9993136 -0.0089274 0.0359540 -0.3040294 0.0090784 0.9999506 -0.0040386 -0.2075118 -0.0359161 0.0043622 0.9993453 11.5552082
0.9993344 -0.0084300 0.0354925 -0.3030352 0.0085623 0.9999570 -0.0035768 -0.2084530 -0.0354609 0.0038783 0.9993635 11.5950890
0.9993794 -0.0086129 0.0341553 -0.3024358 0.0087863 0.9999493 -0.0049296 -0.2087847 -0.0341111 0.0052266 0.9994044 11.6199131
0.9994341 -0.0086174 0.0325147 -0.3013782 0.0088084 0.9999447 -0.0057367 -0.2100578 -0.0324635 0.0060198 0.9994548 11.6599283
0.9994952 -0.0076214 0.0308413 -0.3011285 0.0078122 0.9999511 -0.0060737 -0.2105997 -0.0307935 0.0063115 0.9995058 11.6844435
0.9995543 -0.0054287 0.0293558 -0.3004555 0.0056315 0.9999608 -0.0068303 -0.2113020 -0.0293176 0.0069926 0.9995457 11.7243967
0.9996069 -0.0053102 0.0275285 -0.3000280 0.0054996 0.9999617 -0.0068115 -0.2123925 -0.0274913 0.0069602 0.9995978 11.7486448
0.9996703 -0.0050413 0.0251777 -0.2995820 0.0051897 0.9999695 -0.0058333 -0.2134818 -0.0251475 0.0059621 0.9996660 11.7878380
0.9997291 -0.0043530 0.0228653 -0.2995614 0.0044711 0.9999769 -0.0051176 -0.2139194 -0.0228425 0.0052184 0.9997255 11.8129549
0.9998165 -0.0051087 0.0184605 -0.2992380 0.0051681 0.9999816 -0.0031733 -0.2147088 -0.0184439 0.0032681 0.9998246 11.8524599
0.9998814 -0.0068536 0.0137927 -0.2992309 0.0068638 0.9999762 -0.0006866 -0.2161165 -0.0137876 0.0007812 0.9999046 11.8916636
0.9999317 -0.0072372 0.0091784 -0.2995414 0.0072347 0.9999738 0.0003039 -0.2162765 -0.0091803 -0.0002375 0.9999579 11.9075480
0.9999644 -0.0071611 0.0044591 -0.3000519 0.0071579 0.9999741 0.0007464 -0.2168961 -0.0044643 -0.0007145 0.9999898 11.9456892
0.9999639 -0.0085009 -0.0000431 -0.3002298 0.0085009 0.9999630 0.0012948 -0.2174666 0.0000321 -0.0012951 0.9999992 11.9686985
0.9999473 -0.0091973 -0.0045576 -0.3009622 0.0092010 0.9999574 0.0007896 -0.2178323 0.0045502 -0.0008315 0.9999893 12.0059204
0.9999232 -0.0092571 -0.0082383 -0.3017924 0.0092647 0.9999567 0.0008905 -0.2186034 0.0082297 -0.0009668 0.9999657 12.0278368
0.9998753 -0.0096320 -0.0125140 -0.3026081 0.0096468 0.9999529 0.0011176 -0.2196265 0.0125027 -0.0012382 0.9999211 12.0635090
0.9998374 -0.0084282 -0.0159435 -0.3033188 0.0084367 0.9999643 0.0004640 -0.2199144 0.0159390 -0.0005984 0.9998728 12.0844574
0.9997658 -0.0096695 -0.0193643 -0.3045756 0.0096919 0.9999525 0.0010644 -0.2209635 0.0193530 -0.0012518 0.9998119 12.1158676
0.9996735 -0.0099575 -0.0235316 -0.3053821 0.0099497 0.9999504 -0.0004492 -0.2209392 0.0235349 0.0002149 0.9997230 12.1375456
0.9995618 -0.0089779 -0.0282067 -0.3070126 0.0089352 0.9999588 -0.0016390 -0.2219840 0.0282202 0.0013863 0.9996008 12.1686525
0.9993874 -0.0071612 -0.0342563 -0.3081969 0.0070379 0.9999683 -0.0037193 -0.2223611 0.0342818 0.0034760 0.9994062 12.1874619
0.9990610 -0.0066103 -0.0428179 -0.3098537 0.0063829 0.9999648 -0.0054436 -0.2232208 0.0428524 0.0051652 0.9990681 12.2180796
0.9985839 -0.0064627 -0.0528070 -0.3114755 0.0061134 0.9999584 -0.0067735 -0.2236291 0.0528486 0.0064411 0.9985818 12.2350893
0.9977717 -0.0060857 -0.0664417 -0.3138846 0.0056418 0.9999605 -0.0068680 -0.2246787 0.0664809 0.0064779 0.9977667 12.2637577
0.9965727 -0.0050227 -0.0825687 -0.3159305 0.0044970 0.9999684 -0.0065518 -0.2250493 0.0825990 0.0061580 0.9965639 12.2803488
0.9947723 -0.0021165 -0.1020964 -0.3193973 0.0015254 0.9999816 -0.0058667 -0.2255826 0.1021069 0.0056803 0.9947572 12.3067598
0.9922368 -0.0006572 -0.1243614 -0.3222824 -0.0000855 0.9999822 -0.0059666 -0.2263851 0.1243631 0.0059310 0.9922190 12.3236485
0.9888001 0.0002709 -0.1492458 -0.3270758 -0.0011829 0.9999812 -0.0060223 -0.2272712 0.1492414 0.0061314 0.9887818 12.3483772
0.9842695 0.0016922 -0.1766655 -0.3303001 -0.0027749 0.9999788 -0.0058815 -0.2275330 0.1766518 0.0062792 0.9842534 12.3640985
0.9782581 0.0023470 -0.2073780 -0.3360639 -0.0034461 0.9999819 -0.0049390 -0.2281248 0.2073627 0.0055462 0.9782484 12.3880587
0.9707176 0.0028899 -0.2402060 -0.3403275 -0.0037564 0.9999880 -0.0031494 -0.2285178 0.2401940 0.0039595 0.9707168 12.4020433
0.9612832 0.0035871 -0.2755391 -0.3475654 -0.0041999 0.9999899 -0.0016338 -0.2290729 0.2755304 0.0027278 0.9612885 12.4253302
0.9499729 0.0043412 -0.3123023 -0.3527164 -0.0042254 0.9999905 0.0010474 -0.2294903 0.3123039 0.0003246 0.9499822 12.4381266
0.9363834 0.0055292 -0.3509354 -0.3610947 -0.0047255 0.9999839 0.0031467 -0.2296842 0.3509471 -0.0012882 0.9363944 12.4594917
0.9212477 0.0064535 -0.3889230 -0.3680348 -0.0049316 0.9999758 0.0049114 -0.2299153 0.3889453 -0.0026066 0.9212572 12.4714890
0.9031520 0.0063537 -0.4292738 -0.3777270 -0.0038818 0.9999704 0.0066338 -0.2299769 0.4293033 -0.0043250 0.9031500 12.4914112
0.8829904 0.0062509 -0.4693495 -0.3855090 -0.0030675 0.9999668 0.0075470 -0.2302675 0.4693811 -0.0052242 0.8829802 12.5033426
0.8597051 0.0057197 -0.5107587 -0.3978696 -0.0015776 0.9999623 0.0085426 -0.2307029 0.5107883 -0.0065383 0.8596817 12.5213566
0.8335401 0.0049090 -0.5524372 -0.4062686 0.0005372 0.9999529 0.0096962 -0.2307302 0.5524588 -0.0083789 0.8334981 12.5326920
0.8044303 0.0054104 -0.5940224 -0.4202452 0.0012576 0.9999408 0.0108106 -0.2307751 0.5940457 -0.0094434 0.8043759 12.5494957
0.7723876 0.0068794 -0.6351143 -0.4302373 0.0005052 0.9999344 0.0114454 -0.2309418 0.6351513 -0.0091611 0.7723334 12.5595226
0.7374831 0.0061773 -0.6753373 -0.4460297 0.0017159 0.9999378 0.0110202 -0.2308324 0.6753634 -0.0092860 0.7374266 12.5740471
0.6985737 0.0053050 -0.7155185 -0.4568710 0.0057799 0.9998981 0.0130564 -0.2309535 0.7155148 -0.0132565 0.6984718 12.5829048
0.6555415 0.0045735 -0.7551453 -0.4738960 0.0120304 0.9997915 0.0164988 -0.2310992 0.7550633 -0.0199004 0.6553498 12.5955086
0.6076144 0.0049683 -0.7942166 -0.4859371 0.0157766 0.9997076 0.0183236 -0.2307042 0.7940755 -0.0236637 0.6073583 12.6037273
0.5573645 0.0093841 -0.8302149 -0.5039754 0.0138461 0.9996920 0.0205953 -0.2308986 0.8301525 -0.0229744 0.5570629 12.6128798
0.5045701 0.0153512 -0.8632342 -0.5173407 0.0096632 0.9996789 0.0234259 -0.2310864 0.8633167 -0.0201616 0.5042597 12.6191425
0.4501880 0.0192918 -0.8927253 -0.5375853 0.0060658 0.9996774 0.0246620 -0.2305760 0.8929132 -0.0165176 0.4499258 12.6261177
0.3930527 0.0219563 -0.9192538 -0.5569625 0.0056194 0.9996389 0.0262790 -0.2309134 0.9194988 -0.0154947 0.3927874 12.6327457
0.3354610 0.0239028 -0.9417508 -0.5681591 0.0066431 0.9995932 0.0277373 -0.2306392 0.9420307 -0.0155609 0.3351657 12.6354351
0.2768769 0.0269356 -0.9605277 -0.5884187 0.0089919 0.9994906 0.0306202 -0.2304449 0.9608632 -0.0171150 0.2764937 12.6400785
0.2185889 0.0306488 -0.9753355 -0.6043046 0.0104059 0.9993766 0.0337364 -0.2301203 0.9757615 -0.0175237 0.2181337 12.6411591
0.1575106 0.0347156 -0.9869068 -0.6263825 0.0124362 0.9992329 0.0371340 -0.2305741 0.9874389 -0.0181224 0.1569580 12.6420250
0.0942734 0.0383860 -0.9948061 -0.6425213 0.0123546 0.9991343 0.0397238 -0.2298701 0.9954697 -0.0160354 0.0937175 12.6416674
0.0296300 0.0438330 -0.9985995 -0.6668340 0.0140612 0.9989209 0.0442644 -0.2289531 0.9994621 -0.0153530 0.0289817 12.6404247
-0.0357265 0.0507690 -0.9980712 -0.6838816 0.0154114 0.9986180 0.0502451 -0.2289046 0.9992427 -0.0135866 -0.0364596 12.6374683
-0.1022136 0.0582699 -0.9930544 -0.7097813 0.0173060 0.9982360 0.0567926 -0.2286482 0.9946119 -0.0113809 -0.1030417 12.6326866
-0.1675717 0.0641145 -0.9837728 -0.7273918 0.0195026 0.9979033 0.0617135 -0.2277054 0.9856669 -0.0088447 -0.1684708 12.6273565
-0.2330192 0.0697201 -0.9699696 -0.7540247 0.0230929 0.9975421 0.0661542 -0.2263577 0.9721978 -0.0069842 -0.2340565 12.6188059
-0.2960038 0.0739984 -0.9523160 -0.7726362 0.0271542 0.9972436 0.0690492 -0.2254859 0.9548007 -0.0054206 -0.2971973 12.6110868
-0.3564658 0.0771784 -0.9311153 -0.7997210 0.0307484 0.9970116 0.0708687 -0.2247032 0.9338022 -0.0033681 -0.3577737 12.5978813
-0.4144465 0.0768540 -0.9068229 -0.8187714 0.0338354 0.9970402 0.0690362 -0.2227596 0.9094446 -0.0020709 -0.4158203 12.5869160
-0.4691967 0.0771228 -0.8797193 -0.8471842 0.0364400 0.9970216 0.0679712 -0.2209237 0.8823413 -0.0001651 -0.4706096 12.5690689
-0.5201259 0.0769255 -0.8506183 -0.8663125 0.0383909 0.9970348 0.0666919 -0.2192650 0.8532264 0.0020322 -0.5215368 12.5554991
-0.5650943 0.0774265 -0.8213852 -0.8942833 0.0399951 0.9969869 0.0664637 -0.2177098 0.8240564 0.0047069 -0.5664883 12.5327730
-0.6056398 0.0776029 -0.7919459 -0.9142027 0.0411735 0.9969562 0.0662046 -0.2158536 0.7946731 0.0074890 -0.6069915 12.5158672
-0.6424365 0.0812604 -0.7620183 -0.9432969 0.0459057 0.9966572 0.0675800 -0.2136087 0.7649626 0.0084349 -0.6440193 12.4888134
-0.6783794 0.0880938 -0.7294112 -0.9636731 0.0542400 0.9960815 0.0698553 -0.2119885 0.7327068 0.0078251 -0.6804993 12.4682131
-0.7133380 0.0944184 -0.6944307 -0.9930019 0.0613677 0.9954922 0.0723137 -0.2099637 0.6981281 0.0089684 -0.7159166 12.4361296
-0.7460091 0.0953428 -0.6590751 -1.0134692 0.0640847 0.9953830 0.0714560 -0.2077209 0.6628449 0.0110702 -0.7486748 12.4114761
-0.7757620 0.0916082 -0.6243408 -1.0371013 0.0635634 0.9957181 0.0671202 -0.2054311 0.6278162 0.0123841 -0.7782632 12.3795013
