0.9999943 0.0009346 0.0032600 -0.0031956 -0.0009303 0.9999987 -0.0013283 -0.0013686 -0.0032613 0.0013253 0.9999938 0.0961523
0.9999932 0.0011309 0.0035036 -0.0022970 -0.0011278 0.9999990 -0.0008927 -0.0032115 -0.0035046 0.0008888 0.9999934 0.1929205
0.9999888 0.0004795 0.0047082 -0.0028949 -0.0004763 0.9999996 -0.0006734 -0.0049003 -0.0047085 0.0006712 0.9999887 0.2890798
0.9999782 0.0002485 0.0066050 -0.0039539 -0.0002439 0.9999997 -0.0006945 -0.0068079 -0.0066052 0.0006929 0.9999779 0.3855574
0.9999923 -0.0005714 0.0038745 -0.0001893 0.0005741 0.9999996 -0.0007077 -0.0085852 -0.0038741 0.0007099 0.9999923 0.4819092
0.9999917 -0.0003997 0.0040559 0.0011230 0.0004079 0.9999979 -0.0020354 -0.0101189 -0.0040550 0.0020371 0.9999897 0.5772685
0.9999854 0.0000337 0.0054077 0.0002485 -0.0000216 0.9999975 -0.0022384 -0.0119666 -0.0054077 0.0022382 0.9999829 0.6702675
0.9999887 -0.0012761 0.0045691 0.0014373 0.0012781 0.9999991 -0.0004469 -0.0143360 -0.0045685 0.0004527 0.9999894 0.7623934
0.9999945 -0.0018287 0.0027742 0.0017403 0.0018274 0.9999982 0.0004683 -0.0162485 -0.0027751 -0.0004632 0.9999961 0.8534253
0.9999955 -0.0028962 0.0008164 0.0004504 0.0028963 0.9999958 -0.0000849 -0.0179607 -0.0008161 0.0000873 0.9999996 0.9400586
0.9999949 -0.0029461 -0.0012192 -0.0003636 0.0029458 0.9999956 -0.0002785 -0.0194578 0.0012200 0.0002749 0.9999992 0.9954241
0.9999948 -0.0018881 -0.0026056 -0.0009696 0.0018851 0.9999976 -0.0011633 -0.0205423 0.0026078 0.0011584 0.9999959 1.1146226
0.9999942 -0.0003098 -0.0033957 -0.0017932 0.0003057 0.9999992 -0.0011976 -0.0224907 0.0033961 0.0011965 0.9999935 1.2018676
0.9999922 -0.0005614 -0.0039102 -0.0026792 0.0005563 0.9999990 -0.0012998 -0.0234240 0.0039110 0.0012976 0.9999915 1.2567600
0.9999911 -0.0009449 -0.0041151 -0.0045511 0.0009414 0.9999992 -0.0008693 -0.0257794 0.0041160 0.0008654 0.9999912 1.3754069
0.9999874 -0.0015188 -0.0047758 -0.0051230 0.0015147 0.9999985 -0.0008488 -0.0273685 0.0047771 0.0008415 0.9999883 1.4613907
0.9999841 -0.0011355 -0.0055300 -0.0061065 0.0011256 0.9999978 -0.0017896 -0.0291463 0.0055320 0.0017833 0.9999831 1.5460356
0.9999781 -0.0018704 -0.0063528 -0.0070744 0.0018552 0.9999954 -0.0023940 -0.0305008 0.0063573 0.0023821 0.9999769 1.6002578
0.9999716 -0.0007510 -0.0074982 -0.0066852 0.0007355 0.9999976 -0.0020631 -0.0324170 0.0074998 0.0020576 0.9999698 1.7091932
0.9999565 -0.0015089 -0.0092046 -0.0074129 0.0014901 0.9999968 -0.0020488 -0.0344325 0.0092076 0.0020350 0.9999555 1.7865866
0.9999452 -0.0014424 -0.0103742 -0.0084904 0.0014128 0.9999949 -0.0028650 -0.0358564 0.0103782 0.0028502 0.9999421 1.8636923
0.9999321 -0.0012419 -0.0115839 -0.0093477 0.0012162 0.9999968 -0.0022254 -0.0369464 0.0115866 0.0022112 0.9999304 1.9183186
0.9999136 -0.0031125 -0.0127722 -0.0112421 0.0031109 0.9999952 -0.0001456 -0.0395194 0.0127726 0.0001059 0.9999184 2.0159426
0.9998945 -0.0034393 -0.0141139 -0.0125846 0.0034393 0.9999941 -0.0000254 -0.0411393 0.0141139 -0.0000231 0.9999004 2.0920980
0.9998783 -0.0042143 -0.0150192 -0.0142961 0.0041998 0.9999907 -0.0009955 -0.0425366 0.0150233 0.0009323 0.9998867 2.1677709
0.9998566 -0.0045751 -0.0163041 -0.0159538 0.0045477 0.9999882 -0.0017155 -0.0444817 0.0163118 0.0016412 0.9998656 2.2432923
0.9998375 -0.0037097 -0.0176413 -0.0173879 0.0036813 0.9999919 -0.0016464 -0.0460067 0.0176472 0.0015812 0.9998430 2.3189311
0.9998184 -0.0043100 -0.0185656 -0.0186832 0.0042860 0.9999899 -0.0013320 -0.0471106 0.0185711 0.0012521 0.9998267 2.3735120
0.9998093 -0.0043540 -0.0190404 -0.0206036 0.0043366 0.9999902 -0.0009533 -0.0492390 0.0190443 0.0008705 0.9998183 2.4670081
0.9997798 -0.0051885 -0.0203338 -0.0217919 0.0051711 0.9999862 -0.0009058 -0.0507689 0.0203382 0.0008005 0.9997928 2.5405264
0.9997609 -0.0053195 -0.0212078 -0.0232500 0.0052955 0.9999853 -0.0011858 -0.0519197 0.0212138 0.0010732 0.9997744 2.6139343
0.9997425 -0.0065386 -0.0217291 -0.0250988 0.0065350 0.9999786 -0.0002373 -0.0540733 0.0217302 0.0000952 0.9997638 2.6860671
0.9997407 -0.0063958 -0.0218549 -0.0264605 0.0064276 0.9999784 0.0013871 -0.0556468 0.0218456 -0.0015272 0.9997602 2.7405016
0.9997243 -0.0055540 -0.0228164 -0.0282312 0.0055973 0.9999827 0.0018382 -0.0572091 0.0228058 -0.0019654 0.9997380 2.8284926
0.9997275 -0.0050401 -0.0227903 -0.0300966 0.0050742 0.9999861 0.0014407 -0.0580751 0.0227827 -0.0015559 0.9997392 2.8827693
0.9997120 -0.0046922 -0.0235358 -0.0320270 0.0047288 0.9999877 0.0015016 -0.0600578 0.0235285 -0.0016125 0.9997219 2.9683642
0.9997364 -0.0018014 -0.0228898 -0.0340773 0.0018567 0.9999954 0.0023916 -0.0602199 0.0228854 -0.0024335 0.9997351 3.0243251
0.9997628 -0.0020622 -0.0216826 -0.0364487 0.0022056 0.9999758 0.0065951 -0.0624456 0.0216684 -0.0066414 0.9997432 3.1084871
0.9998057 -0.0014696 -0.0196537 -0.0384798 0.0016543 0.9999546 0.0093863 -0.0632411 0.0196390 -0.0094170 0.9997628 3.1633582
0.9998212 -0.0009492 -0.0188850 -0.0397914 0.0011834 0.9999225 0.0123962 -0.0639342 0.0188718 -0.0124163 0.9997448 3.2482166
0.9998398 -0.0013452 -0.0178484 -0.0412937 0.0015873 0.9999068 0.0135557 -0.0642349 0.0178285 -0.0135819 0.9997488 3.3031747
0.9998496 -0.0029361 -0.0170940 -0.0420306 0.0031421 0.9999226 0.0120366 -0.0646514 0.0170574 -0.0120885 0.9997814 3.3855867
0.9998775 -0.0014710 -0.0155837 -0.0439909 0.0016355 0.9999430 0.0105530 -0.0652240 0.0155673 -0.0105772 0.9998229 3.4400356
0.9998688 -0.0016508 -0.0161148 -0.0446450 0.0018089 0.9999503 0.0098043 -0.0656929 0.0160978 -0.0098321 0.9998221 3.5190406
0.9998565 -0.0024077 -0.0167672 -0.0454910 0.0025671 0.9999516 0.0094951 -0.0665547 0.0167435 -0.0095368 0.9998143 3.5859590
0.9998450 -0.0030366 -0.0173419 -0.0471540 0.0031850 0.9999585 0.0085368 -0.0672805 0.0173153 -0.0085907 0.9998132 3.6410224
0.9997900 -0.0028225 -0.0202983 -0.0480684 0.0029987 0.9999580 0.0086550 -0.0675794 0.0202730 -0.0087141 0.9997565 3.7173648
0.9997549 -0.0031328 -0.0219165 -0.0499651 0.0033455 0.9999476 0.0096731 -0.0681805 0.0218851 -0.0097441 0.9997130 3.7827845
0.9997215 -0.0033705 -0.0233558 -0.0515377 0.0036157 0.9999387 0.0104675 -0.0690980 0.0233191 -0.0105491 0.9996724 3.8374262
0.9996821 -0.0026289 -0.0250751 -0.0536213 0.0028849 0.9999440 0.0101786 -0.0696706 0.0250470 -0.0102477 0.9996337 3.9124372
0.9996526 -0.0024379 -0.0262461 -0.0554522 0.0027050 0.9999449 0.0101439 -0.0704132 0.0262199 -0.0102113 0.9996040 3.9766111
0.9996379 -0.0034235 -0.0266893 -0.0578574 0.0036820 0.9999467 0.0096417 -0.0710557 0.0266548 -0.0097365 0.9995973 4.0407910
0.9996060 -0.0040201 -0.0277811 -0.0593464 0.0042553 0.9999555 0.0084126 -0.0715688 0.0277461 -0.0085276 0.9995787 4.1056862
0.9995719 -0.0051242 -0.0288067 -0.0614649 0.0054179 0.9999340 0.0101270 -0.0728151 0.0287529 -0.0102788 0.9995337 4.1690702
0.9995341 -0.0055175 -0.0300190 -0.0629813 0.0058733 0.9999134 0.0117791 -0.0736124 0.0299514 -0.0119499 0.9994799 4.2333441
0.9995179 -0.0049263 -0.0306551 -0.0653682 0.0052338 0.9999367 0.0099578 -0.0741580 0.0306041 -0.0101135 0.9994804 4.2966175
0.9995180 -0.0026963 -0.0309285 -0.0675372 0.0029587 0.9999600 0.0084406 -0.0743602 0.0309045 -0.0085281 0.9994860 4.3510628
0.9994960 -0.0014205 -0.0317110 -0.0701430 0.0017174 0.9999549 0.0093345 -0.0756150 0.0316963 -0.0093843 0.9994535 4.4218802
0.9994862 0.0005547 -0.0320466 -0.0721140 -0.0002490 0.9999545 0.0095416 -0.0762906 0.0320504 -0.0095287 0.9994408 4.4775071
0.9994838 0.0024579 -0.0320319 -0.0751992 -0.0021341 0.9999463 0.0101404 -0.0771750 0.0320551 -0.0100668 0.9994354 4.5459685
0.9994700 0.0034098 -0.0323746 -0.0768603 -0.0030414 0.9999301 0.0114205 -0.0779022 0.0324113 -0.0113160 0.9994106 4.6005316
0.9995437 0.0043023 -0.0298997 -0.0795211 -0.0039542 0.9999238 0.0116940 -0.0780221 0.0299478 -0.0115704 0.9994845 4.6558313
0.9995893 0.0023695 -0.0285610 -0.0815806 -0.0020917 0.9999503 0.0097516 -0.0793478 0.0285826 -0.0096879 0.9995445 4.7288141
0.9996392 -0.0008660 -0.0268458 -0.0830456 0.0010028 0.9999866 0.0050805 -0.0801933 0.0268411 -0.0051056 0.9996267 4.7836123
0.9996992 0.0006877 -0.0245156 -0.0852145 -0.0005885 0.9999916 0.0040558 -0.0807546 0.0245182 -0.0040402 0.9996912 4.8476176
0.9997543 -0.0003799 -0.0221658 -0.0865688 0.0005377 0.9999745 0.0071135 -0.0813211 0.0221625 -0.0071237 0.9997290 4.9024405
0.9998382 -0.0002244 -0.0179841 -0.0897747 0.0003873 0.9999589 0.0090538 -0.0824022 0.0179813 -0.0090593 0.9997973 4.9572644
0.9999055 0.0003500 -0.0137391 -0.0913880 -0.0002542 0.9999756 0.0069784 -0.0829298 0.0137412 -0.0069742 0.9998813 5.0106316
0.9999458 0.0001963 -0.0104110 -0.0924969 -0.0001610 0.9999942 0.0033965 -0.0837496 0.0104116 -0.0033946 0.9999400 5.0634298
0.9999623 -0.0033766 -0.0079977 -0.0915701 0.0033843 0.9999938 0.0009511 -0.0844367 0.0079944 -0.0009781 0.9999676 5.1120710
0.9999763 -0.0047331 -0.0050093 -0.0930090 0.0047362 0.9999886 0.0006110 -0.0858832 0.0050063 -0.0006347 0.9999872 5.1681757
0.9999914 -0.0041023 -0.0006882 -0.0928074 0.0041036 0.9999898 0.0018826 -0.0864769 0.0006805 -0.0018854 0.9999980 5.2128043
0.9999915 -0.0028757 0.0029576 -0.0935260 0.0028684 0.9999928 0.0024695 -0.0877232 -0.0029646 -0.0024610 0.9999925 5.2666016
0.9999706 -0.0031102 0.0070169 -0.0938813 0.0031092 0.9999952 0.0001510 -0.0888415 -0.0070173 -0.0001292 0.9999754 5.3178501
0.9999377 -0.0036058 0.0105616 -0.0934434 0.0036307 0.9999906 -0.0023430 -0.0888922 -0.0105530 0.0023812 0.9999415 5.3569894
0.9999011 -0.0039229 0.0135107 -0.0931019 0.0039604 0.9999884 -0.0027433 -0.0899380 -0.0134998 0.0027966 0.9999050 5.4051518
0.9998621 -0.0052012 0.0157696 -0.0921282 0.0052216 0.9999856 -0.0012516 -0.0912372 -0.0157628 0.0013338 0.9998749 5.4591198
0.9998021 -0.0059704 0.0189779 -0.0918153 0.0059755 0.9999821 -0.0002135 -0.0917316 -0.0189763 0.0003268 0.9998199 5.5003405
0.9997487 -0.0068898 0.0213320 -0.0914041 0.0068609 0.9999754 0.0014262 -0.0927286 -0.0213413 -0.0012795 0.9997714 5.5531774
0.9996820 -0.0081346 0.0238685 -0.0906387 0.0080770 0.9999642 0.0025047 -0.0933948 -0.0238880 -0.0023111 0.9997120 5.5936637
0.9996032 -0.0093716 0.0265636 -0.0902981 0.0093676 0.9999561 0.0002755 -0.0944828 -0.0265650 -0.0000265 0.9996471 5.6466069
0.9995441 -0.0107958 0.0281972 -0.0887723 0.0108904 0.9999356 -0.0032022 -0.0954722 -0.0281608 0.0035078 0.9995973 5.6981316
0.9994884 -0.0096750 0.0304872 -0.0879619 0.0098614 0.9999335 -0.0059703 -0.0957411 -0.0304274 0.0062679 0.9995173 5.7322192
0.9994344 -0.0100525 0.0320910 -0.0871378 0.0102707 0.9999252 -0.0066412 -0.0974060 -0.0320218 0.0069671 0.9994629 5.7852578
0.9994229 -0.0097805 0.0325295 -0.0859603 0.0099863 0.9999311 -0.0061714 -0.0981407 -0.0324669 0.0064927 0.9994517 5.8256235
0.9994506 -0.0096161 0.0317187 -0.0846712 0.0097576 0.9999431 -0.0043103 -0.0993531 -0.0316755 0.0046175 0.9994875 5.8798046
0.9994925 -0.0104042 0.0301083 -0.0839943 0.0104845 0.9999419 -0.0025108 -0.1008779 -0.0300805 0.0028252 0.9995435 5.9326186
0.9995636 -0.0097042 0.0278995 -0.0829678 0.0097572 0.9999508 -0.0017653 -0.1018909 -0.0278810 0.0020367 0.9996092 5.9869738
0.9996129 -0.0094512 0.0261669 -0.0830183 0.0094984 0.9999535 -0.0016785 -0.1021366 -0.0261499 0.0019263 0.9996562 6.0151925
0.9997000 -0.0090057 0.0227757 -0.0821221 0.0090515 0.9999572 -0.0019096 -0.1030631 -0.0227576 0.0021152 0.9997388 6.0700235
0.9997841 -0.0072096 0.0194912 -0.0822777 0.0072542 0.9999712 -0.0022148 -0.1041614 -0.0194747 0.0023557 0.9998076 6.1113029
0.9998508 -0.0075774 0.0155222 -0.0821960 0.0076012 0.9999700 -0.0014751 -0.1055808 -0.0155105 0.0015929 0.9998784 6.1657486
0.9999080 -0.0066949 0.0117929 -0.0823732 0.0067051 0.9999772 -0.0008195 -0.1061530 -0.0117871 0.0008985 0.9999301 6.2071762
0.9999521 -0.0064133 0.0073865 -0.0827759 0.0064105 0.9999794 0.0004080 -0.1077605 -0.0073890 -0.0003606 0.9999726 6.2624512
0.9999748 -0.0062424 0.0033588 -0.0832666 0.0062402 0.9999803 0.0006586 -0.1081240 -0.0033628 -0.0006376 0.9999942 6.3030705
0.9999812 -0.0059077 -0.0016341 -0.0836060 0.0059085 0.9999824 0.0004776 -0.1087896 0.0016313 -0.0004873 0.9999986 6.3515124
0.9999626 -0.0052894 -0.0068421 -0.0842921 0.0052944 0.9999858 0.0007071 -0.1098733 0.0068383 -0.0007433 0.9999763 6.4068570
0.9999222 -0.0047115 -0.0115497 -0.0853975 0.0047113 0.9999889 -0.0000406 -0.1105614 0.0115498 -0.0000138 0.9999333 6.4481392
0.9998575 -0.0036296 -0.0164854 -0.0868205 0.0036214 0.9999933 -0.0005257 -0.1115479 0.0164872 0.0004659 0.9998640 6.5030632
0.9997995 -0.0016233 -0.0199595 -0.0880031 0.0016123 0.9999986 -0.0005666 -0.1125288 0.0199604 0.0005343 0.9998006 6.5445457
0.9997603 0.0002021 -0.0218935 -0.0898878 -0.0002173 0.9999998 -0.0006898 -0.1132392 0.0218934 0.0006944 0.9997601 6.5934730
0.9997351 0.0013624 -0.0229763 -0.0915558 -0.0013832 0.9999986 -0.0008873 -0.1143930 0.0229750 0.0009189 0.9997356 6.6424637
0.9997027 0.0033196 -0.0241566 -0.0933638 -0.0033365 0.9999942 -0.0006581 -0.1152177 0.0241543 0.0007385 0.9997080 6.6914539
0.9996734 0.0049529 -0.0250714 -0.0952563 -0.0049482 0.9999877 0.0002481 -0.1165989 0.0250724 -0.0001240 0.9996856 6.7475662
0.9996619 0.0047328 -0.0255686 -0.0973221 -0.0047310 0.9999888 0.0001309 -0.1167850 0.0255689 -0.0000099 0.9996731 6.7891788
0.9996225 0.0083725 -0.0261668 -0.0998708 -0.0083229 0.9999633 0.0020027 -0.1176170 0.0261827 -0.0017841 0.9996556 6.8451347
0.9995818 0.0094656 -0.0273258 -0.1013373 -0.0093240 0.9999425 0.0053039 -0.1182813 0.0273744 -0.0050469 0.9996125 6.8872857
0.9995756 0.0083786 -0.0278993 -0.1034694 -0.0082504 0.9999549 0.0047096 -0.1191592 0.0279375 -0.0044774 0.9995996 6.9434967
0.9995615 0.0081662 -0.0284639 -0.1050911 -0.0080776 0.9999622 0.0032275 -0.1195489 0.0284892 -0.0029962 0.9995896 6.9855299
0.9995648 0.0057518 -0.0289341 -0.1074643 -0.0056296 0.9999749 0.0043032 -0.1203776 0.0289581 -0.0041384 0.9995720 7.0420089
0.9995436 0.0029773 -0.0300625 -0.1089205 -0.0027988 0.9999782 0.0059779 -0.1207998 0.0300796 -0.0058910 0.9995301 7.0838928
0.9995291 0.0000263 -0.0306842 -0.1108444 0.0002119 0.9999699 0.0077586 -0.1213827 0.0306835 -0.0077615 0.9994990 7.1401243
0.9995309 -0.0018888 -0.0305702 -0.1127162 0.0021720 0.9999550 0.0092346 -0.1222876 0.0305514 -0.0092966 0.9994900 7.1826205
0.9995289 -0.0063219 -0.0300319 -0.1149743 0.0065401 0.9999529 0.0071727 -0.1225279 0.0299851 -0.0073658 0.9995232 7.2402797
0.9995041 -0.0087037 -0.0302623 -0.1166004 0.0089045 0.9999392 0.0065065 -0.1234980 0.0302038 -0.0067727 0.9995208 7.2814684
0.9995030 -0.0099060 -0.0299292 -0.1189821 0.0100934 0.9999303 0.0061190 -0.1243033 0.0298665 -0.0064181 0.9995333 7.3388925
0.9995164 -0.0097095 -0.0295413 -0.1208230 0.0098984 0.9999315 0.0062552 -0.1246280 0.0294786 -0.0065446 0.9995440 7.3809919
0.9995456 -0.0089415 -0.0287863 -0.1228610 0.0091638 0.9999291 0.0076015 -0.1244355 0.0287163 -0.0078619 0.9995567 7.4398818
0.9995697 -0.0067823 -0.0285378 -0.1247269 0.0070710 0.9999247 0.0100258 -0.1260301 0.0284677 -0.0102233 0.9995424 7.4795094
0.9995841 -0.0072783 -0.0279043 -0.1269719 0.0075104 0.9999380 0.0082240 -0.1266912 0.0278427 -0.0084301 0.9995767 7.5373721
0.9996052 -0.0065256 -0.0273272 -0.1287309 0.0067082 0.9999558 0.0065942 -0.1273179 0.0272830 -0.0067749 0.9996048 7.5776749
0.9996231 -0.0065864 -0.0266518 -0.1307276 0.0066998 0.9999689 0.0041654 -0.1279492 0.0266235 -0.0043423 0.9996361 7.6266150
0.9996435 -0.0079449 -0.0254908 -0.1335883 0.0079462 0.9999684 -0.0000500 -0.1289107 0.0254904 -0.0001526 0.9996750 7.6836824
0.9996331 -0.0079198 -0.0259041 -0.1344545 0.0078369 0.9999638 -0.0033009 -0.1298567 0.0259293 0.0030967 0.9996590 7.7239923
0.9996447 -0.0082127 -0.0253571 -0.1365387 0.0081130 0.9999590 -0.0040312 -0.1314955 0.0253892 0.0038241 0.9996703 7.7804604
0.9996334 -0.0084582 -0.0257179 -0.1379807 0.0083583 0.9999571 -0.0039882 -0.1321209 0.0257505 0.0037718 0.9996613 7.8209586
0.9996325 -0.0077446 -0.0259763 -0.1396822 0.0076584 0.9999648 -0.0034164 -0.1333139 0.0260018 0.0032162 0.9996567 7.8689713
0.9996310 -0.0073112 -0.0261593 -0.1414068 0.0072546 0.9999712 -0.0022597 -0.1344574 0.0261751 0.0020691 0.9996552 7.9169722
0.9996286 -0.0066915 -0.0264184 -0.1436238 0.0066451 0.9999762 -0.0018412 -0.1355784 0.0264301 0.0016650 0.9996493 7.9740095
0.9996101 -0.0066354 -0.0271214 -0.1450192 0.0065747 0.9999757 -0.0023254 -0.1366256 0.0271361 0.0021462 0.9996294 8.0130768
0.9995934 -0.0058019 -0.0279174 -0.1473213 0.0057491 0.9999815 -0.0019727 -0.1378508 0.0279284 0.0018114 0.9996083 8.0706110
0.9995729 -0.0068015 -0.0284215 -0.1488550 0.0067794 0.9999766 -0.0008731 -0.1387870 0.0284267 0.0006801 0.9995956 8.1097555
0.9995629 -0.0052713 -0.0290917 -0.1508355 0.0052642 0.9999861 -0.0003183 -0.1398052 0.0290930 0.0001650 0.9995767 8.1576405
0.9995440 -0.0060075 -0.0295938 -0.1534204 0.0059565 0.9999806 -0.0018086 -0.1409066 0.0296041 0.0016315 0.9995604 8.2150240
0.9995379 -0.0045302 -0.0300575 -0.1553170 0.0044536 0.9999866 -0.0026167 -0.1419077 0.0300690 0.0024816 0.9995447 8.2533312
0.9995263 -0.0038316 -0.0305364 -0.1577484 0.0037644 0.9999903 -0.0022588 -0.1434552 0.0305448 0.0021428 0.9995311 8.3114557
0.9994988 -0.0041942 -0.0313779 -0.1593392 0.0040883 0.9999858 -0.0034375 -0.1441465 0.0313919 0.0033075 0.9995017 8.3498211
0.9994894 -0.0026201 -0.0318458 -0.1620562 0.0024705 0.9999858 -0.0047366 -0.1452358 0.0318578 0.0046555 0.9994816 8.4061747
0.9994548 -0.0033919 -0.0328425 -0.1637496 0.0032459 0.9999846 -0.0044989 -0.1462672 0.0328572 0.0043898 0.9994504 8.4458790
0.9994153 -0.0041425 -0.0339384 -0.1659541 0.0040361 0.9999867 -0.0032038 -0.1477673 0.0339512 0.0030649 0.9994188 8.5021248
0.9994098 -0.0035332 -0.0341694 -0.1680468 0.0034343 0.9999897 -0.0029548 -0.1482364 0.0341795 0.0028357 0.9994117 8.5415659
0.9993779 -0.0025070 -0.0351791 -0.1706664 0.0024350 0.9999949 -0.0020896 -0.1500605 0.0351841 0.0020026 0.9993789 8.5980864
0.9993709 -0.0022689 -0.0353915 -0.1729822 0.0021936 0.9999952 -0.0021671 -0.1503940 0.0353963 0.0020881 0.9993712 8.6371326
0.9993359 -0.0022304 -0.0363705 -0.1756884 0.0021099 0.9999921 -0.0033527 -0.1515636 0.0363777 0.0032738 0.9993327 8.6938124
0.9993418 -0.0014769 -0.0362444 -0.1791398 0.0013583 0.9999936 -0.0032974 -0.1533528 0.0362491 0.0032460 0.9993375 8.7512045
0.9993243 -0.0002826 -0.0367528 -0.1801984 0.0001649 0.9999949 -0.0032064 -0.1536720 0.0367535 0.0031982 0.9993193 8.7816172
0.9993169 -0.0012649 -0.0369353 -0.1827181 0.0011113 0.9999906 -0.0041789 -0.1551425 0.0369402 0.0041350 0.9993089 8.8290348
0.9993138 -0.0027111 -0.0369404 -0.1857825 0.0025004 0.9999803 -0.0057476 -0.1565068 0.0369553 0.0056513 0.9993010 8.8859625
0.9992899 -0.0060494 -0.0371897 -0.1871565 0.0058488 0.9999678 -0.0055007 -0.1576391 0.0372218 0.0052793 0.9992931 8.9252090
0.9992855 -0.0051333 -0.0374439 -0.1899229 0.0050668 0.9999854 -0.0018712 -0.1589410 0.0374530 0.0016802 0.9992970 8.9820223
0.9992780 -0.0063969 -0.0374501 -0.1918781 0.0065004 0.9999754 0.0026419 -0.1598562 0.0374323 -0.0028834 0.9992950 9.0213709
0.9992720 -0.0058671 -0.0376973 -0.1943136 0.0059458 0.9999804 0.0019755 -0.1608770 0.0376849 -0.0021982 0.9992872 9.0692816
0.9992939 -0.0041679 -0.0373402 -0.1970135 0.0041286 0.9999908 -0.0011290 -0.1616871 0.0373445 0.0009740 0.9993020 9.1165009
0.9992880 -0.0032785 -0.0375882 -0.1993719 0.0031595 0.9999898 -0.0032260 -0.1626110 0.0375984 0.0031050 0.9992881 9.1640415
0.9992849 -0.0034514 -0.0376550 -0.2017558 0.0033473 0.9999904 -0.0028260 -0.1638199 0.0376644 0.0026979 0.9992868 9.2118349
0.9992927 -0.0033912 -0.0374519 -0.2048184 0.0033325 0.9999931 -0.0016284 -0.1652019 0.0374571 0.0015024 0.9992971 9.2675076
0.9992917 -0.0037189 -0.0374472 -0.2064185 0.0037445 0.9999928 0.0006132 -0.1661167 0.0374447 -0.0007530 0.9992984 9.3062963
0.9993173 -0.0048316 -0.0366274 -0.2093705 0.0048849 0.9999871 0.0013665 -0.1672128 0.0366203 -0.0015445 0.9993281 9.3629007
0.9993626 -0.0042483 -0.0354434 -0.2109808 0.0042759 0.9999906 0.0007033 -0.1679568 0.0354401 -0.0008544 0.9993714 9.4006433
0.9993938 -0.0060326 -0.0342874 -0.2134555 0.0060236 0.9999818 -0.0003684 -0.1695292 0.0342890 0.0001617 0.9994119 9.4560528
0.9994491 -0.0056094 -0.0327110 -0.2151282 0.0055418 0.9999823 -0.0021570 -0.1700636 0.0327225 0.0019746 0.9994625 9.4946833
0.9994816 -0.0065189 -0.0315269 -0.2178716 0.0064421 0.9999760 -0.0025365 -0.1714794 0.0315426 0.0023320 0.9994997 9.5507059
0.9995270 -0.0061647 -0.0301300 -0.2193335 0.0061056 0.9999793 -0.0020536 -0.1721566 0.0301420 0.0018686 0.9995439 9.5881252
0.9995694 -0.0066187 -0.0285883 -0.2222344 0.0066317 0.9999779 0.0003594 -0.1739929 0.0285853 -0.0005489 0.9995912 9.6444960
0.9996148 -0.0051477 -0.0272721 -0.2237574 0.0051652 0.9999865 0.0005745 -0.1748798 0.0272688 -0.0007152 0.9996279 9.6812286
0.9996381 -0.0061183 -0.0261952 -0.2260643 0.0061330 0.9999811 0.0004825 -0.1760024 0.0261918 -0.0006430 0.9996567 9.7357464
0.9996679 -0.0055814 -0.0251593 -0.2272129 0.0056023 0.9999840 0.0007580 -0.1770378 0.0251546 -0.0008987 0.9996831 9.7739592
0.9996996 -0.0052666 -0.0239383 -0.2293756 0.0052970 0.9999852 0.0012094 -0.1783285 0.0239316 -0.0013358 0.9997127 9.8279018
0.9997245 -0.0047732 -0.0229805 -0.2313440 0.0047990 0.9999879 0.0010643 -0.1796014 0.0229751 -0.0011742 0.9997354 9.8824921
0.9997414 -0.0053755 -0.0220983 -0.2325517 0.0054000 0.9999849 0.0010515 -0.1801289 0.0220923 -0.0011705 0.9997553 9.9102116
0.9997433 -0.0065445 -0.0216891 -0.2343276 0.0065723 0.9999776 0.0012133 -0.1811939 0.0216807 -0.0013556 0.9997640 9.9632273
0.9997579 -0.0064250 -0.0210462 -0.2357704 0.0064713 0.9999768 0.0021346 -0.1822014 0.0210320 -0.0022702 0.9997762 9.9987535
0.9997373 -0.0073694 -0.0217029 -0.2375495 0.0074374 0.9999677 0.0030556 -0.1833743 0.0216797 -0.0032163 0.9997598 10.0502291
0.9997413 -0.0068997 -0.0216719 -0.2390213 0.0069594 0.9999722 0.0026825 -0.1838973 0.0216528 -0.0028326 0.9997615 10.0845003
0.9997300 -0.0069781 -0.0221648 -0.2406604 0.0070197 0.9999737 0.0017988 -0.1852232 0.0221517 -0.0019539 0.9997527 10.1346111
0.9997299 -0.0060622 -0.0224374 -0.2421957 0.0060889 0.9999808 0.0011226 -0.1858967 0.0224302 -0.0012589 0.9997476 10.1677513
0.9997072 -0.0064083 -0.0233347 -0.2436459 0.0064360 0.9999787 0.0011085 -0.1873422 0.0233271 -0.0012584 0.9997271 10.2162561
0.9996862 -0.0067708 -0.0241191 -0.2451986 0.0068008 0.9999762 0.0011620 -0.1880984 0.0241106 -0.0013257 0.9997084 10.2492695
0.9996308 -0.0070060 -0.0262521 -0.2464245 0.0070640 0.9999728 0.0021183 -0.1889823 0.0262365 -0.0023030 0.9996531 10.2892914
0.9995568 -0.0085911 -0.0285037 -0.2481282 0.0086995 0.9999554 0.0036799 -0.1901403 0.0284708 -0.0039263 0.9995869 10.3359289
0.9995163 -0.0077308 -0.0301221 -0.2497819 0.0078911 0.9999553 0.0052066 -0.1905553 0.0300805 -0.0054418 0.9995326 10.3687124
0.9994549 -0.0073586 -0.0321819 -0.2520809 0.0075446 0.9999555 0.0056643 -0.1917288 0.0321387 -0.0059041 0.9994660 10.4143181
0.9993726 -0.0073291 -0.0346510 -0.2535706 0.0075070 0.9999593 0.0050068 -0.1922130 0.0346129 -0.0052638 0.9993869 10.4453602
0.9992552 -0.0073725 -0.0378769 -0.2555103 0.0075686 0.9999587 0.0050384 -0.1930532 0.0378382 -0.0053213 0.9992697 10.4898052
0.9991500 -0.0067957 -0.0406581 -0.2572113 0.0070115 0.9999621 0.0051668 -0.1934662 0.0406214 -0.0054475 0.9991598 10.5193071
0.9990289 -0.0066138 -0.0435615 -0.2596683 0.0068396 0.9999639 0.0050373 -0.1945028 0.0435266 -0.0053303 0.9990380 10.5610476
0.9989082 -0.0063346 -0.0462859 -0.2615196 0.0065523 0.9999682 0.0045536 -0.1950100 0.0462556 -0.0048519 0.9989179 10.5896950
0.9987219 -0.0068892 -0.0500716 -0.2636885 0.0070709 0.9999691 0.0034527 -0.1956598 0.0500463 -0.0038024 0.9987397 10.6294737
0.9985968 -0.0056112 -0.0526582 -0.2658688 0.0058083 0.9999767 0.0035912 -0.1964764 0.0526368 -0.0038920 0.9986061 10.6564760
0.9984388 -0.0051295 -0.0556204 -0.2681318 0.0053071 0.9999813 0.0030462 -0.1972830 0.0556037 -0.0033366 0.9984474 10.6884604
0.9983209 -0.0033745 -0.0578277 -0.2709653 0.0035123 0.9999912 0.0022809 -0.1978300 0.0578195 -0.0024801 0.9983240 10.7255554
0.9982730 -0.0027962 -0.0586798 -0.2726898 0.0029880 0.9999905 0.0031804 -0.1986246 0.0586703 -0.0033502 0.9982718 10.7506485
0.9982985 -0.0026800 -0.0582480 -0.2756233 0.0029557 0.9999849 0.0046473 -0.1997078 0.0582346 -0.0048115 0.9982913 10.7857552
0.9983387 -0.0024883 -0.0575639 -0.2771947 0.0027587 0.9999855 0.0046184 -0.1998054 0.0575515 -0.0047696 0.9983311 10.8099403
0.9983378 -0.0035780 -0.0575229 -0.2795875 0.0038331 0.9999833 0.0043254 -0.2006811 0.0575064 -0.0045387 0.9983348 10.8431215
0.9984052 -0.0023235 -0.0564070 -0.2815722 0.0024830 0.9999931 0.0027580 -0.2012529 0.0564002 -0.0028936 0.9984040 10.8667202
0.9984375 -0.0026765 -0.0558152 -0.2835124 0.0027182 0.9999961 0.0006718 -0.2020764 0.0558131 -0.0008225 0.9984409 10.8996630
0.9985316 -0.0017610 -0.0541442 -0.2854085 0.0017211 0.9999982 -0.0007836 -0.2023847 0.0541454 0.0006892 0.9985328 10.9231014
0.9985823 -0.0014907 -0.0532082 -0.2872485 0.0014268 0.9999982 -0.0012396 -0.2030608 0.0532100 0.0011620 0.9985827 10.9561262
0.9987131 -0.0014887 -0.0506938 -0.2892072 0.0014265 0.9999982 -0.0012644 -0.2037621 0.0506956 0.0011905 0.9987134 10.9783955
0.9987797 -0.0015908 -0.0493616 -0.2908701 0.0015172 0.9999977 -0.0015288 -0.2043370 0.0493639 0.0014521 0.9987798 11.0108967
0.9988872 -0.0020331 -0.0471185 -0.2924672 0.0019731 0.9999972 -0.0013197 -0.2052229 0.0471210 0.0012252 0.9988884 11.0338173
0.9989610 -0.0025206 -0.0455026 -0.2938578 0.0024401 0.9999954 -0.0018256 -0.2058142 0.0455070 0.0017127 0.9989626 11.0657539
0.9991099 -0.0025283 -0.0421064 -0.2955103 0.0024943 0.9999965 -0.0008590 -0.2067210 0.0421084 0.0007532 0.9991128 11.0885553
0.9992277 -0.0035743 -0.0391310 -0.2969780 0.0035541 0.9999935 -0.0005854 -0.2071781 0.0391328 0.0004458 0.9992339 11.1200886
0.9993582 -0.0043970 -0.0355516 -0.2983759 0.0043944 0.9999903 -0.0001509 -0.2079313 0.0355519 -0.0000054 0.9993678 11.1425810
0.9994500 -0.0046870 -0.0328296 -0.2995492 0.0046925 0.9999890 0.0000915 -0.2086013 0.0328288 -0.0002455 0.9994609 11.1741581
0.9995556 -0.0049732 -0.0293892 -0.3008043 0.0049616 0.9999876 -0.0004653 -0.2089905 0.0293912 0.0003193 0.9995679 11.1959696
0.9996292 -0.0054467 -0.0266803 -0.3016990 0.0054271 0.9999849 -0.0008090 -0.2095305 0.0266843 0.0006639 0.9996437 11.2274399
0.9997190 -0.0041907 -0.0233306 -0.3028867 0.0041567 0.9999902 -0.0015027 -0.2100828 0.0233367 0.0014053 0.9997267 11.2493010
0.9997759 -0.0040530 -0.0207743 -0.3037687 0.0040169 0.9999903 -0.0017817 -0.2108867 0.0207813 0.0016978 0.9997826 11.2807312
0.9998407 -0.0036266 -0.0174742 -0.3045838 0.0036065 0.9999928 -0.0011825 -0.2112329 0.0174784 0.0011193 0.9998466 11.3034773
0.9998892 -0.0030732 -0.0145659 -0.3054780 0.0030608 0.9999949 -0.0008710 -0.2117810 0.0145685 0.0008263 0.9998935 11.3353910
0.9999155 -0.0035387 -0.0125040 -0.3059802 0.0035273 0.9999933 -0.0009343 -0.2123277 0.0125072 0.0008901 0.9999214 11.3584290
0.9999300 -0.0043890 -0.0109916 -0.3067052 0.0043714 0.9999892 -0.0016175 -0.2132410 0.0109986 0.0015693 0.9999383 11.3901930
0.9999538 -0.0033002 -0.0090268 -0.3069527 0.0032549 0.9999821 -0.0050253 -0.2135128 0.0090432 0.0049957 0.9999467 11.4139414
0.9999583 -0.0042501 -0.0080858 -0.3074684 0.0041927 0.9999660 -0.0071031 -0.2140663 0.0081157 0.0070689 0.9999421 11.4467144
0.9999598 -0.0051709 -0.0073333 -0.3083571 0.0051218 0.9999645 -0.0066964 -0.2149106 0.0073676 0.0066585 0.9999507 11.4701519
0.9999468 -0.0069710 -0.0076100 -0.3088618 0.0069170 0.9999509 -0.0070994 -0.2157625 0.0076591 0.0070464 0.9999458 11.5036602
0.9999666 -0.0042633 -0.0069792 -0.3096054 0.0042098 0.9999619 -0.0076552 -0.2162506 0.0070116 0.0076256 0.9999464 11.5282888
0.9999623 -0.0051849 -0.0069732 -0.3100980 0.0051319 0.9999580 -0.0075973 -0.2172587 0.0070123 0.0075612 0.9999468 11.5627174
0.9999676 -0.0049369 -0.0063619 -0.3107849 0.0048720 0.9999363 -0.0101778 -0.2175861 0.0064118 0.0101464 0.9999279 11.5877171
0.9999408 -0.0090916 -0.0059717 -0.3113506 0.0090192 0.9998869 -0.0120345 -0.2186306 0.0060804 0.0119799 0.9999098 11.6216631
0.9999141 -0.0120264 -0.0052137 -0.3117484 0.0119599 0.9998489 -0.0126129 -0.2193307 0.0053646 0.0125494 0.9999068 11.6482134
0.9999474 -0.0091602 -0.0046259 -0.3125139 0.0091167 0.9999148 -0.0093492 -0.2198358 0.0047112 0.0093065 0.9999456 11.6834784
0.9999799 -0.0048513 -0.0040855 -0.3132541 0.0048359 0.9999812 -0.0037633 -0.2200825 0.0041037 0.0037434 0.9999846 11.7111731
0.9999747 -0.0061947 -0.0035031 -0.3135857 0.0061949 0.9999808 0.0000416 -0.2212972 0.0035027 -0.0000633 0.9999939 11.7465916
0.9999786 -0.0064752 -0.0009070 -0.3137469 0.0064731 0.9999765 -0.0022790 -0.2218995 0.0009218 0.0022731 0.9999970 11.7828865
0.9999758 -0.0062944 0.0029578 -0.3141278 0.0063180 0.9999477 -0.0080468 -0.2227754 -0.0029070 0.0080653 0.9999632 11.8176727
0.9999634 -0.0047476 0.0071202 -0.3149392 0.0048287 0.9999232 -0.0114119 -0.2231355 -0.0070655 0.0114459 0.9999095 11.8393068
0.9999443 -0.0033056 0.0100187 -0.3148114 0.0034144 0.9999351 -0.0108694 -0.2241787 -0.0099821 0.0109030 0.9998907 11.8762531
0.9998999 -0.0052021 0.0131588 -0.3142799 0.0053126 0.9999508 -0.0083831 -0.2254083 -0.0131145 0.0084521 0.9998783 11.9129486
0.9998445 -0.0065095 0.0163905 -0.3144807 0.0066107 0.9999593 -0.0061323 -0.2252092 -0.0163499 0.0062397 0.9998469 11.9402895
0.9997811 -0.0088971 0.0189396 -0.3138787 0.0089824 0.9999499 -0.0044227 -0.2261848 -0.0188993 0.0045919 0.9998109 11.9776211
0.9997188 -0.0081697 0.0222603 -0.3139074 0.0082614 0.9999577 -0.0040272 -0.2268467 -0.0222264 0.0042100 0.9997441 12.0082598
0.9996504 -0.0063682 0.0256628 -0.3139104 0.0065261 0.9999602 -0.0060759 -0.2277810 -0.0256231 0.0062412 0.9996522 12.0461922
0.9996029 -0.0062565 0.0274751 -0.3131956 0.0064649 0.9999509 -0.0075012 -0.2294088 -0.0274268 0.0076758 0.9995943 12.0837164
0.9995199 -0.0050608 0.0305681 -0.3133591 0.0053151 0.9999519 -0.0082439 -0.2293480 -0.0305249 0.0084024 0.9994987 12.1100426
0.9994608 -0.0044906 0.0325255 -0.3119974 0.0046792 0.9999726 -0.0057249 -0.2307781 -0.0324989 0.0058740 0.9994545 12.1487484
0.9993342 -0.0025142 0.0363987 -0.3118648 0.0026823 0.9999859 -0.0045704 -0.2311894 -0.0363867 0.0046650 0.9993269 12.1791668
0.9992219 -0.0017704 0.0394010 -0.3110232 0.0019744 0.9999849 -0.0051405 -0.2317267 -0.0393913 0.0052143 0.9992102 12.2173319
0.9991112 -0.0014857 0.0421267 -0.3102555 0.0017284 0.9999821 -0.0057267 -0.2323277 -0.0421174 0.0057944 0.9990959 12.2479944
0.9990226 -0.0022887 0.0441431 -0.3082339 0.0025977 0.9999725 -0.0069436 -0.2326219 -0.0441260 0.0070515 0.9990011 12.2870140
0.9988921 -0.0063858 0.0466234 -0.3078243 0.0066372 0.9999642 -0.0052394 -0.2341336 -0.0465883 0.0055430 0.9988988 12.3167334
0.9988498 -0.0067811 0.0474672 -0.3065513 0.0070401 0.9999612 -0.0052926 -0.2349904 -0.0474295 0.0056207 0.9988587 12.3549795
0.9988188 -0.0072914 0.0480400 -0.3053632 0.0075706 0.9999555 -0.0056307 -0.2355938 -0.0479968 0.0059878 0.9988295 12.3856678
0.9987645 -0.0080328 0.0490413 -0.3044387 0.0082916 0.9999527 -0.0050760 -0.2368303 -0.0489982 0.0054764 0.9987838 12.4240742
0.9987875 -0.0072164 0.0486979 -0.3030961 0.0074740 0.9999591 -0.0051081 -0.2371689 -0.0486591 0.0054659 0.9988005 12.4557219
0.9988238 -0.0070608 0.0479716 -0.3014392 0.0072508 0.9999666 -0.0037886 -0.2385474 -0.0479432 0.0041320 0.9988415 12.4945230
0.9988828 -0.0065222 0.0468031 -0.3005968 0.0068103 0.9999588 -0.0059989 -0.2385157 -0.0467621 0.0063110 0.9988861 12.5256310
0.9989629 -0.0066128 0.0450474 -0.2991450 0.0069118 0.9999551 -0.0064848 -0.2399767 -0.0450025 0.0067894 0.9989638 12.5643044
0.9990253 -0.0058934 0.0437469 -0.2983535 0.0062165 0.9999544 -0.0072517 -0.2404990 -0.0437022 0.0075166 0.9990163 12.5952415
0.9991023 -0.0042129 0.0421531 -0.2973647 0.0045455 0.9999593 -0.0077968 -0.2413480 -0.0421186 0.0079814 0.9990807 12.6333790
0.9991719 -0.0034506 0.0405433 -0.2967315 0.0037662 0.9999632 -0.0077119 -0.2425882 -0.0405152 0.0078582 0.9991480 12.6642132
0.9992499 -0.0028363 0.0386200 -0.2960078 0.0031038 0.9999716 -0.0068663 -0.2436604 -0.0385994 0.0069810 0.9992304 12.7014713
0.9993511 -0.0026704 0.0359210 -0.2953155 0.0028918 0.9999771 -0.0061127 -0.2442916 -0.0359039 0.0062126 0.9993359 12.7334566
0.9994923 -0.0035208 0.0316669 -0.2946189 0.0036463 0.9999857 -0.0039082 -0.2452569 -0.0316527 0.0040217 0.9994909 12.7718954
0.9996232 -0.0053250 0.0269262 -0.2941249 0.0053720 0.9999841 -0.0016727 -0.2464618 -0.0269169 0.0018168 0.9996361 12.8103638
0.9997320 -0.0055425 0.0224749 -0.2942688 0.0055613 0.9999842 -0.0007769 -0.2469625 -0.0224702 0.0009017 0.9997471 12.8353186
0.9998266 -0.0057631 0.0177059 -0.2941352 0.0057654 0.9999834 -0.0000815 -0.2477179 -0.0177052 0.0001835 0.9998432 12.8729801
0.9998870 -0.0065128 0.0135496 -0.2944328 0.0065110 0.9999788 0.0001750 -0.2482170 -0.0135504 -0.0000868 0.9999082 12.9011793
0.9999310 -0.0073219 0.0091901 -0.2948425 0.0073240 0.9999732 -0.0002013 -0.2487455 -0.0091883 0.0002686 0.9999577 12.9376850
0.9999582 -0.0073222 0.0054831 -0.2955054 0.0073240 0.9999731 -0.0003025 -0.2495353 -0.0054807 0.0003426 0.9999849 12.9651260
0.9999719 -0.0073370 0.0015321 -0.2961096 0.0073373 0.9999731 -0.0002031 -0.2506170 -0.0015306 0.0002143 0.9999988 13.0001898
0.9999774 -0.0063960 -0.0020874 -0.2965890 0.0063950 0.9999794 -0.0005174 -0.2511894 0.0020907 0.0005041 0.9999977 13.0265865
0.9999563 -0.0075760 -0.0054852 -0.2976154 0.0075759 0.9999713 -0.0000316 -0.2521662 0.0054853 -0.0000099 0.9999850 13.0574503
0.9999242 -0.0078890 -0.0094528 -0.2981486 0.0078769 0.9999681 -0.0013192 -0.2526093 0.0094629 0.0012446 0.9999545 13.0836697
0.9998780 -0.0065713 -0.0141690 -0.2993386 0.0065314 0.9999745 -0.0028621 -0.2534831 0.0141874 0.0027692 0.9998955 13.1144876
0.9997837 -0.0049928 -0.0201909 -0.3004845 0.0048998 0.9999772 -0.0046520 -0.2541767 0.0202137 0.0045521 0.9997853 13.1371889
0.9995877 -0.0045140 -0.0283570 -0.3019547 0.0043304 0.9999692 -0.0065355 -0.2548338 0.0283857 0.0064100 0.9995765 13.1668749
0.9992382 -0.0043729 -0.0387799 -0.3031591 0.0040836 0.9999633 -0.0075369 -0.2556242 0.0388114 0.0073728 0.9992194 13.1888027
0.9986250 -0.0039627 -0.0522731 -0.3052723 0.0035676 0.9999644 -0.0076506 -0.2567366 0.0523015 0.0074536 0.9986035 13.2170153
0.9976615 -0.0027962 -0.0682916 -0.3074542 0.0022809 0.9999683 -0.0076232 -0.2568699 0.0683107 0.0074496 0.9976363 13.2372570
0.9961137 0.0001269 -0.0880773 -0.3104938 -0.0007430 0.9999755 -0.0069624 -0.2576184 0.0880743 0.0070007 0.9960893 13.2642956
0.9939301 0.0013797 -0.1100046 -0.3137105 -0.0021511 0.9999739 -0.0068945 -0.2585010 0.1099922 0.0070893 0.9939072 13.2840385
0.9908317 0.0022541 -0.1350831 -0.3179395 -0.0032319 0.9999701 -0.0070192 -0.2592479 0.1350633 0.0073914 0.9908094 13.3088856
0.9867191 0.0040493 -0.1623851 -0.3217006 -0.0051963 0.9999645 -0.0066397 -0.2597721 0.1623524 0.0073954 0.9867051 13.3277111
0.9812055 0.0047161 -0.1929083 -0.3272054 -0.0059205 0.9999664 -0.0056671 -0.2603863 0.1928751 0.0067027 0.9812004 13.3512526
0.9740668 0.0049332 -0.2262068 -0.3319910 -0.0059237 0.9999756 -0.0037002 -0.2608370 0.2261830 0.0049442 0.9740723 13.3688679
0.9652090 0.0056143 -0.2614193 -0.3389990 -0.0062833 0.9999788 -0.0017234 -0.2617041 0.2614040 0.0033060 0.9652238 13.3914976
0.9544501 0.0062788 -0.2983046 -0.3449790 -0.0063802 0.9999794 0.0006337 -0.2619103 0.2983025 0.0012984 0.9544705 13.4079914
0.9413068 0.0074955 -0.3374690 -0.3527436 -0.0069954 0.9999719 0.0026982 -0.2620935 0.3374797 -0.0001791 0.9413328 13.4291821
0.9268928 0.0084990 -0.3752299 -0.3612781 -0.0072170 0.9999623 0.0048217 -0.2625172 0.3752567 -0.0017611 0.9269192 13.4444876
0.9095427 0.0083545 -0.4155266 -0.3710251 -0.0061027 0.9999586 0.0067469 -0.2628213 0.4155657 -0.0036007 0.9095560 13.4647160
0.8900782 0.0082460 -0.4557333 -0.3797770 -0.0052726 0.9999557 0.0077955 -0.2629686 0.4557773 -0.0045357 0.8900822 13.4787474
0.8674247 0.0074660 -0.4975125 -0.3916941 -0.0034730 0.9999539 0.0089506 -0.2634868 0.4975564 -0.0060361 0.8674107 13.4965649
0.8418325 0.0069011 -0.5396947 -0.4036317 -0.0014528 0.9999436 0.0105202 -0.2639081 0.5397369 -0.0080721 0.8417950 13.5141068
0.8137681 0.0074355 -0.5811421 -0.4146404 -0.0012848 0.9999387 0.0109946 -0.2629521 0.5811882 -0.0082004 0.8137279 13.5260773
0.7821196 0.0090732 -0.6230623 -0.4283619 -0.0026969 0.9999339 0.0111760 -0.2627471 0.6231225 -0.0070606 0.7820923 13.5414753
0.7481463 0.0081464 -0.6634838 -0.4422455 -0.0004567 0.9999307 0.0117624 -0.2633011 0.6635337 -0.0084970 0.7480982 13.5538044
0.7100738 0.0074658 -0.7040876 -0.4579158 0.0032522 0.9998984 0.0138824 -0.2635845 0.7041197 -0.0121474 0.7099774 13.5669899
0.6673393 0.0064295 -0.7447261 -0.4726338 0.0093140 0.9998125 0.0169779 -0.2632619 0.7446957 -0.0182664 0.6671542 13.5790501
0.6207960 0.0069168 -0.7839416 -0.4904151 0.0132486 0.9997257 0.0193121 -0.2631912 0.7838602 -0.0223750 0.6205341 13.5901814
0.5708266 0.0112192 -0.8209940 -0.5060034 0.0118852 0.9996890 0.0219247 -0.2634582 0.8209846 -0.0222729 0.5705158 13.5992250
0.5191104 0.0179570 -0.8545186 -0.5252371 0.0062255 0.9996733 0.0247892 -0.2633808 0.8546845 -0.0181882 0.5188290 13.6076345
0.4650704 0.0218892 -0.8850030 -0.5421591 0.0039893 0.9996323 0.0268208 -0.2636912 0.8852647 -0.0160041 0.4648121 13.6142750
0.4081315 0.0241213 -0.9126045 -0.5615420 0.0036138 0.9996004 0.0280369 -0.2635316 0.9129160 -0.0147407 0.4078812 13.6215553
0.3518585 0.0259597 -0.9356931 -0.5803571 0.0046378 0.9995548 0.0294755 -0.2627853 0.9360417 -0.0147108 0.3515814 13.6259460
0.2939626 0.0301765 -0.9553405 -0.6003394 0.0059048 0.9994251 0.0333860 -0.2633072 0.9557987 -0.0154553 0.2936155 13.6301203
0.2364707 0.0332345 -0.9710701 -0.6210899 0.0084732 0.9993063 0.0362642 -0.2627178 0.9716017 -0.0168035 0.2360251 13.6324196
0.1752351 0.0366142 -0.9838456 -0.6425564 0.0108210 0.9991763 0.0391121 -0.2624357 0.9844671 -0.0175000 0.1746945 13.6340942
0.1130234 0.0405412 -0.9927649 -0.6642218 0.0108473 0.9990574 0.0420331 -0.2619419 0.9935331 -0.0155195 0.1124771 13.6334209
0.0492493 0.0462302 -0.9977161 -0.6870605 0.0126006 0.9988199 0.0469034 -0.2614614 0.9987071 -0.0148818 0.0486087 13.6321163
-0.0168149 0.0524181 -0.9984837 -0.7123122 0.0142710 0.9985357 0.0521805 -0.2603168 0.9997568 -0.0133720 -0.0175383 13.6294966
-0.0824016 0.0590617 -0.9948476 -0.7354511 0.0163524 0.9981881 0.0579055 -0.2593311 0.9964650 -0.0114967 -0.0832181 13.6248951
-0.1483172 0.0663524 -0.9867114 -0.7605833 0.0189870 0.9977538 0.0642410 -0.2590753 0.9887576 -0.0092066 -0.1492439 13.6187763
-0.2136600 0.0722491 -0.9742329 -0.7868915 0.0231404 0.9973559 0.0688890 -0.2579366 0.9766341 -0.0078253 -0.2147669 13.6107950
-0.2768495 0.0764183 -0.9578696 -0.8126359 0.0271437 0.9970569 0.0716994 -0.2565252 0.9605297 -0.0061502 -0.2781090 13.6008062
-0.3377255 0.0800458 -0.9378346 -0.8396783 0.0312451 0.9967816 0.0738253 -0.2558692 0.9407257 -0.0043700 -0.3391396 13.5882692
-0.3960639 0.0795431 -0.9147711 -0.8667288 0.0343802 0.9968269 0.0717928 -0.2532409 0.9175791 -0.0030155 -0.3975418 13.5737133
-0.4515592 0.0796079 -0.8886826 -0.8942285 0.0372113 0.9968255 0.0703874 -0.2511722 0.8914648 -0.0012849 -0.4530880 13.5573864
-0.5025801 0.0799509 -0.8608259 -0.9228168 0.0394560 0.9967983 0.0695438 -0.2491524 0.8636299 0.0009866 -0.5041255 13.5380707
-0.5485385 0.0797069 -0.8323174 -0.9495239 0.0408647 0.9968119 0.0685279 -0.2470493 0.8351260 0.0035779 -0.5500469 13.5174074
-0.5890165 0.0810772 -0.8040435 -0.9779601 0.0423813 0.9966844 0.0694553 -0.2453856 0.8070089 0.0068339 -0.5904998 13.4936380
-0.6259326 0.0839569 -0.7753448 -1.0056219 0.0466720 0.9964391 0.0702196 -0.2427519 0.7784794 0.0077659 -0.6276222 13.4684296
-0.6622212 0.0913403 -0.7437205 -1.0350747 0.0554361 0.9957947 0.0729377 -0.2407138 0.7472550 0.0070719 -0.6644999 13.4397545
-0.6980384 0.0968907 -0.7094749 -1.0638361 0.0620812 0.9952613 0.0748392 -0.2382918 0.7133641 0.0081956 -0.7007456 13.4097481
-0.7310677 0.0987422 -0.6751221 -1.0931830 0.0656806 0.9950622 0.0744127 -0.2355514 0.6791362 0.0100583 -0.7339433 13.3756275
