0.9999995 0.0005956 0.0007350 0.0000506 -0.0005951 0.9999996 -0.0005974 -0.0014234 -0.0007354 0.0005969 0.9999995 0.0625665
0.9999967 0.0009120 0.0023982 -0.0006688 -0.0009086 0.9999986 -0.0013986 -0.0017733 -0.0023995 0.0013964 0.9999961 0.1151593
0.9999977 -0.0001006 0.0021197 -0.0003022 0.0001007 1.0000000 -0.0000024 -0.0037355 -0.0021197 0.0000026 0.9999977 0.1881497
0.9999978 -0.0006156 0.0019942 0.0000444 0.0006162 0.9999998 -0.0003115 -0.0047612 -0.0019941 0.0003127 0.9999980 0.2515903
0.9999956 -0.0006822 0.0028814 -0.0003332 0.0006838 0.9999996 -0.0005442 -0.0058829 -0.0028810 0.0005462 0.9999957 0.3158349
0.9999961 -0.0003007 0.0027761 0.0001737 0.0003040 0.9999993 -0.0011779 -0.0072869 -0.0027757 0.0011788 0.9999955 0.3805347
0.9999918 -0.0005120 0.0040190 -0.0008338 0.0005169 0.9999991 -0.0012292 -0.0087558 -0.0040184 0.0012312 0.9999912 0.4421040
0.9999897 -0.0010066 0.0044234 -0.0014996 0.0010063 0.9999995 0.0000744 -0.0099796 -0.0044235 -0.0000700 0.9999902 0.5038234
0.9999937 -0.0017722 0.0030634 -0.0019884 0.0017690 0.9999979 0.0010779 -0.0114625 -0.0030653 -0.0010724 0.9999948 0.5654024
0.9999956 -0.0028450 0.0008675 -0.0027662 0.0028444 0.9999957 0.0007293 -0.0126845 -0.0008696 -0.0007269 0.9999993 0.6260155
0.9999960 -0.0025726 -0.0011764 -0.0035712 0.0025734 0.9999965 0.0006356 -0.0142153 0.0011748 -0.0006386 0.9999991 0.6832602
0.9999925 -0.0024898 -0.0029645 -0.0034705 0.0024904 0.9999969 0.0002036 -0.0149979 0.0029640 -0.0002110 0.9999956 0.7470649
0.9999912 -0.0009147 -0.0040840 -0.0041434 0.0009132 0.9999995 -0.0003808 -0.0157160 0.0040843 0.0003771 0.9999916 0.8043203
0.9999894 -0.0012024 -0.0044466 -0.0050418 0.0012019 0.9999993 -0.0001173 -0.0171419 0.0044467 0.0001119 0.9999901 0.8684846
0.9999858 -0.0016558 -0.0050724 -0.0058341 0.0016583 0.9999985 0.0004743 -0.0185503 0.0050717 -0.0004827 0.9999870 0.9258329
0.9999789 -0.0026879 -0.0059166 -0.0064351 0.0026929 0.9999960 0.0008502 -0.0197722 0.0059143 -0.0008661 0.9999821 0.9888958
0.9999819 -0.0015391 -0.0058240 -0.0080997 0.0015382 0.9999988 -0.0001643 -0.0207208 0.0058242 0.0001553 0.9999830 1.0457435
0.9999703 -0.0025516 -0.0072807 -0.0078105 0.0025441 0.9999962 -0.0010403 -0.0217424 0.0072833 0.0010217 0.9999729 1.1080893
0.9999667 -0.0017482 -0.0079760 -0.0090027 0.0017480 0.9999985 -0.0000313 -0.0233050 0.0079760 0.0000173 0.9999682 1.1644232
0.9999516 -0.0019297 -0.0096453 -0.0087527 0.0019234 0.9999979 -0.0006595 -0.0242690 0.0096466 0.0006409 0.9999533 1.2268316
0.9999464 -0.0026665 -0.0100073 -0.0108854 0.0026583 0.9999961 -0.0008279 -0.0258417 0.0100095 0.0008013 0.9999496 1.2824337
0.9999295 -0.0014513 -0.0117825 -0.0106249 0.0014420 0.9999986 -0.0008012 -0.0264093 0.0117836 0.0007841 0.9999303 1.3431891
0.9999176 -0.0029646 -0.0124907 -0.0122325 0.0029736 0.9999954 0.0007018 -0.0276059 0.0124885 -0.0007389 0.9999217 1.4003062
0.9998912 -0.0034174 -0.0143531 -0.0124948 0.0034290 0.9999938 0.0007817 -0.0286554 0.0143503 -0.0008308 0.9998967 1.4598784
0.9998822 -0.0050837 -0.0144803 -0.0143760 0.0050915 0.9999869 0.0005035 -0.0303375 0.0144775 -0.0005772 0.9998950 1.5168258
0.9998546 -0.0044321 -0.0164660 -0.0149631 0.0044274 0.9999902 -0.0003225 -0.0317225 0.0164673 0.0002496 0.9998644 1.5748582
0.9998506 -0.0051119 -0.0165106 -0.0181316 0.0050924 0.9999863 -0.0012218 -0.0315026 0.0165166 0.0011375 0.9998630 1.6314948
0.9998210 -0.0043811 -0.0184063 -0.0174278 0.0043917 0.9999902 0.0005342 -0.0346227 0.0184037 -0.0006150 0.9998304 1.6909167
0.9997941 -0.0050985 -0.0196404 -0.0188877 0.0051250 0.9999861 0.0012988 -0.0359442 0.0196335 -0.0013992 0.9998063 1.7480299
0.9997718 -0.0055160 -0.0206362 -0.0194342 0.0055321 0.9999844 0.0007209 -0.0368220 0.0206319 -0.0008349 0.9997868 1.8066037
0.9997442 -0.0054403 -0.0219513 -0.0200987 0.0054473 0.9999852 0.0002600 -0.0375425 0.0219495 -0.0003795 0.9997590 1.8640475
0.9997522 -0.0062206 -0.0213753 -0.0227495 0.0062493 0.9999797 0.0012741 -0.0390202 0.0213670 -0.0014074 0.9997707 1.9210616
0.9997157 -0.0063846 -0.0229729 -0.0226402 0.0064419 0.9999763 0.0024211 -0.0401760 0.0229569 -0.0025684 0.9997332 1.9789015
0.9997348 -0.0050516 -0.0224674 -0.0248487 0.0051091 0.9999838 0.0025017 -0.0404506 0.0224544 -0.0026158 0.9997445 2.0362117
0.9997227 -0.0049040 -0.0230299 -0.0265167 0.0049720 0.9999834 0.0028956 -0.0423181 0.0230153 -0.0030093 0.9997306 2.0925610
0.9997163 -0.0041940 -0.0234459 -0.0283289 0.0042682 0.9999861 0.0031136 -0.0434941 0.0234325 -0.0032128 0.9997203 2.1498344
0.9997315 -0.0011828 -0.0231427 -0.0296648 0.0012892 0.9999887 0.0045831 -0.0440755 0.0231370 -0.0046117 0.9997216 2.2065415
0.9997573 -0.0017430 -0.0219602 -0.0309069 0.0019173 0.9999668 0.0079176 -0.0452556 0.0219457 -0.0079578 0.9997275 2.2646103
0.9997976 -0.0008766 -0.0201008 -0.0328796 0.0010885 0.9999439 0.0105364 -0.0456665 0.0200904 -0.0105562 0.9997424 2.3197720
0.9998248 0.0000032 -0.0187194 -0.0345458 0.0002464 0.9999111 0.0133319 -0.0457517 0.0187178 -0.0133342 0.9997359 2.3772404
0.9998472 -0.0011622 -0.0174389 -0.0356837 0.0014226 0.9998875 0.0149304 -0.0464017 0.0174196 -0.0149529 0.9997364 2.4324434
0.9998603 -0.0034057 -0.0163657 -0.0365727 0.0036262 0.9999028 0.0134633 -0.0468604 0.0163183 -0.0135208 0.9997754 2.4906845
0.9998643 -0.0016990 -0.0163887 -0.0369256 0.0018879 0.9999319 0.0115201 -0.0468012 0.0163680 -0.0115495 0.9997993 2.5439556
0.9998714 -0.0014997 -0.0159645 -0.0379688 0.0016789 0.9999357 0.0112181 -0.0473376 0.0159467 -0.0112435 0.9998096 2.5992231
0.9998660 -0.0015242 -0.0162975 -0.0393989 0.0017001 0.9999405 0.0107819 -0.0477471 0.0162801 -0.0108082 0.9998090 2.6559830
0.9998435 -0.0023352 -0.0175346 -0.0400535 0.0025012 0.9999522 0.0094519 -0.0480379 0.0175116 -0.0094943 0.9998016 2.7094245
0.9998074 -0.0024613 -0.0194691 -0.0415566 0.0026548 0.9999473 0.0099164 -0.0486232 0.0194437 -0.0099662 0.9997613 2.7643769
0.9997842 -0.0024828 -0.0206235 -0.0433974 0.0026956 0.9999433 0.0102990 -0.0486927 0.0205968 -0.0103524 0.9997343 2.8222311
0.9997293 -0.0028347 -0.0230935 -0.0442307 0.0031007 0.9999292 0.0114903 -0.0496006 0.0230593 -0.0115588 0.9996673 2.8750935
0.9996998 -0.0020390 -0.0244151 -0.0457800 0.0023123 0.9999349 0.0111725 -0.0500210 0.0243907 -0.0112256 0.9996395 2.9306304
0.9996803 -0.0018449 -0.0252166 -0.0477153 0.0021131 0.9999415 0.0106138 -0.0504168 0.0251956 -0.0106637 0.9996257 2.9878066
0.9996564 -0.0023942 -0.0261031 -0.0489406 0.0026681 0.9999417 0.0104619 -0.0510707 0.0260765 -0.0105279 0.9996045 3.0402966
0.9996358 -0.0033129 -0.0267838 -0.0505302 0.0035653 0.9999496 0.0093813 -0.0515940 0.0267514 -0.0094734 0.9995973 3.0954351
0.9996145 -0.0037308 -0.0275122 -0.0523204 0.0040244 0.9999354 0.0106248 -0.0521557 0.0274708 -0.0107314 0.9995650 3.1503160
0.9995949 -0.0040110 -0.0281777 -0.0541413 0.0043669 0.9999113 0.0125799 -0.0529076 0.0281247 -0.0126979 0.9995238 3.2045610
0.9995887 -0.0033444 -0.0284825 -0.0570216 0.0036509 0.9999359 0.0107144 -0.0533181 0.0284448 -0.0108140 0.9995369 3.2620826
0.9995617 -0.0018241 -0.0295462 -0.0577474 0.0021013 0.9999540 0.0093545 -0.0536619 0.0295277 -0.0094125 0.9995196 3.3137915
0.9995469 -0.0002227 -0.0300977 -0.0596447 0.0005314 0.9999473 0.0102489 -0.0546968 0.0300939 -0.0102602 0.9994944 3.3721340
0.9995331 0.0018681 -0.0304977 -0.0617354 -0.0015636 0.9999487 0.0100042 -0.0549660 0.0305149 -0.0099519 0.9994848 3.4209065
0.9995338 0.0034530 -0.0303374 -0.0644615 -0.0031547 0.9999463 0.0098747 -0.0553126 0.0303699 -0.0097744 0.9994909 3.4781532
0.9995217 0.0044854 -0.0305975 -0.0654912 -0.0041492 0.9999304 0.0110443 -0.0556936 0.0306449 -0.0109121 0.9994708 3.5276263
0.9995826 0.0059498 -0.0282706 -0.0681006 -0.0056143 0.9999130 0.0119320 -0.0563919 0.0283391 -0.0117683 0.9995291 3.5850441
0.9996438 0.0049430 -0.0262267 -0.0695071 -0.0046949 0.9999437 0.0095160 -0.0568174 0.0262723 -0.0093895 0.9996107 3.6328602
0.9997168 0.0012446 -0.0237675 -0.0715154 -0.0011180 0.9999851 0.0053409 -0.0578682 0.0237738 -0.0053128 0.9997032 3.6896408
0.9997649 0.0033843 -0.0214183 -0.0725452 -0.0032980 0.9999863 0.0040635 -0.0582281 0.0214318 -0.0039919 0.9997624 3.7374344
0.9998097 0.0018526 -0.0194188 -0.0735671 -0.0016990 0.9999672 0.0079208 -0.0591471 0.0194329 -0.0078863 0.9997801 3.7955825
0.9998738 0.0013082 -0.0158317 -0.0751943 -0.0011585 0.9999546 0.0094603 -0.0599672 0.0158433 -0.0094407 0.9998299 3.8372641
0.9999203 0.0007474 -0.0126010 -0.0760140 -0.0006468 0.9999679 0.0079837 -0.0606661 0.0126066 -0.0079749 0.9998887 3.8948178
0.9999580 0.0005189 -0.0091533 -0.0769559 -0.0004750 0.9999884 0.0047995 -0.0614444 0.0091557 -0.0047950 0.9999466 3.9369588
0.9999877 -0.0003925 -0.0049467 -0.0769627 0.0003949 0.9999998 0.0004820 -0.0610974 0.0049465 -0.0004839 0.9999877 3.9864113
0.9999942 -0.0022187 -0.0026073 -0.0779750 0.0022197 0.9999974 0.0003814 -0.0628253 0.0026065 -0.0003872 0.9999965 4.0326557
0.9999980 -0.0019406 0.0003934 -0.0780731 0.0019400 0.9999968 0.0015817 -0.0636575 -0.0003965 -0.0015809 0.9999987 4.0880308
0.9999884 -0.0013403 0.0046305 -0.0783580 0.0013288 0.9999960 0.0024909 -0.0645508 -0.0046338 -0.0024847 0.9999862 4.1270418
0.9999639 -0.0018283 0.0082936 -0.0783600 0.0018272 0.9999983 0.0001371 -0.0654636 -0.0082939 -0.0001219 0.9999656 4.1813712
0.9999282 -0.0022481 0.0117731 -0.0782436 0.0022704 0.9999956 -0.0018776 -0.0663255 -0.0117688 0.0019042 0.9999290 4.2211819
0.9998856 -0.0025457 0.0149087 -0.0780532 0.0025732 0.9999951 -0.0018228 -0.0678693 -0.0149039 0.0018609 0.9998872 4.2771840
0.9998415 -0.0039014 0.0173697 -0.0769496 0.0039213 0.9999917 -0.0011103 -0.0684386 -0.0173652 0.0011783 0.9998485 4.3137312
0.9997960 -0.0041643 0.0197660 -0.0763641 0.0041553 0.9999912 0.0004980 -0.0695695 -0.0197679 -0.0004158 0.9998045 4.3694425
0.9997337 -0.0048291 0.0225655 -0.0754992 0.0047902 0.9999869 0.0017762 -0.0698388 -0.0225737 -0.0016676 0.9997438 4.4053402
0.9996707 -0.0067333 0.0247614 -0.0747226 0.0066638 0.9999736 0.0028890 -0.0710549 -0.0247802 -0.0027230 0.9996892 4.4605117
0.9996014 -0.0077508 0.0271485 -0.0737842 0.0077416 0.9999700 0.0004443 -0.0719762 -0.0271511 -0.0002339 0.9996313 4.5155187
0.9995267 -0.0094610 0.0292732 -0.0729826 0.0095378 0.9999514 -0.0024850 -0.0729569 -0.0292483 0.0027630 0.9995683 4.5413904
0.9994864 -0.0084716 0.0309055 -0.0712004 0.0086482 0.9999470 -0.0055842 -0.0733295 -0.0308565 0.0058486 0.9995067 4.5977364
0.9994203 -0.0089783 0.0328387 -0.0706535 0.0091932 0.9999372 -0.0063997 -0.0745939 -0.0327792 0.0066979 0.9994402 4.6336951
0.9994175 -0.0090056 0.0329185 -0.0697127 0.0091894 0.9999430 -0.0054368 -0.0763755 -0.0328677 0.0057361 0.9994432 4.6887593
0.9994415 -0.0085340 0.0323089 -0.0688116 0.0086700 0.9999541 -0.0040719 -0.0769095 -0.0322726 0.0043497 0.9994696 4.7463951
0.9994844 -0.0092589 0.0307431 -0.0674329 0.0093364 0.9999536 -0.0023791 -0.0779685 -0.0307196 0.0026649 0.9995245 4.7720661
0.9995524 -0.0087691 0.0286045 -0.0665390 0.0088211 0.9999596 -0.0016940 -0.0788403 -0.0285885 0.0019456 0.9995894 4.8294525
0.9996181 -0.0081843 0.0263936 -0.0658470 0.0082203 0.9999654 -0.0012558 -0.0797050 -0.0263824 0.0014723 0.9996508 4.8657327
0.9996921 -0.0077833 0.0235608 -0.0656300 0.0078265 0.9999679 -0.0017405 -0.0805718 -0.0235465 0.0019243 0.9997209 4.9228425
0.9997931 -0.0065474 0.0192601 -0.0647131 0.0065896 0.9999760 -0.0021265 -0.0816587 -0.0192457 0.0022530 0.9998122 4.9807973
0.9998578 -0.0062792 0.0156488 -0.0647009 0.0063014 0.9999792 -0.0013679 -0.0825375 -0.0156399 0.0014664 0.9998766 5.0059085
0.9999132 -0.0053223 0.0120529 -0.0651419 0.0053288 0.9999857 -0.0005082 -0.0835619 -0.0120500 0.0005724 0.9999272 5.0637722
0.9999586 -0.0051903 0.0074772 -0.0646300 0.0051874 0.9999865 0.0004074 -0.0843495 -0.0074792 -0.0003686 0.9999720 5.1008840
0.9999806 -0.0053730 0.0031398 -0.0655790 0.0053700 0.9999851 0.0009597 -0.0852488 -0.0031449 -0.0009428 0.9999946 5.1577950
0.9999884 -0.0044371 -0.0018934 -0.0653158 0.0044389 0.9999897 0.0009669 -0.0860133 0.0018891 -0.0009753 0.9999977 5.1959944
0.9999703 -0.0039004 -0.0066492 -0.0667752 0.0039050 0.9999921 0.0006838 -0.0867006 0.0066465 -0.0007097 0.9999776 5.2540803
0.9999266 -0.0034833 -0.0115999 -0.0671929 0.0034885 0.9999938 0.0004355 -0.0876494 0.0115983 -0.0004759 0.9999326 5.2907376
0.9998625 -0.0023545 -0.0164165 -0.0691397 0.0023537 0.9999972 -0.0000708 -0.0886803 0.0164166 0.0000322 0.9998652 5.3481855
0.9998007 -0.0004979 -0.0199548 -0.0698237 0.0004943 0.9999999 -0.0001842 -0.0894332 0.0199548 0.0001743 0.9998009 5.3855467
0.9997572 0.0012355 -0.0219986 -0.0714374 -0.0012387 0.9999992 -0.0001325 -0.0904678 0.0219984 0.0001597 0.9997580 5.4437075
0.9997324 0.0026079 -0.0229839 -0.0730648 -0.0026179 0.9999965 -0.0004045 -0.0913683 0.0229828 0.0004645 0.9997358 5.4816709
0.9997010 0.0045968 -0.0240173 -0.0751083 -0.0045991 0.9999894 -0.0000390 -0.0926805 0.0240169 0.0001494 0.9997115 5.5394034
0.9996614 0.0062114 -0.0252696 -0.0763265 -0.0062052 0.9999807 0.0003212 -0.0929047 0.0252711 -0.0001643 0.9996806 5.5784092
0.9996538 0.0060441 -0.0256080 -0.0787783 -0.0060208 0.9999814 0.0009872 -0.0943464 0.0256135 -0.0008327 0.9996716 5.6373482
0.9996130 0.0096467 -0.0260911 -0.0814915 -0.0095851 0.9999509 0.0024855 -0.0945682 0.0261138 -0.0022345 0.9996565 5.6949487
0.9995660 0.0104688 -0.0275382 -0.0821213 -0.0103172 0.9999309 0.0056424 -0.0950562 0.0275953 -0.0053558 0.9996048 5.7233481
0.9995614 0.0098916 -0.0279146 -0.0842606 -0.0097447 0.9999380 0.0053951 -0.0961778 0.0279663 -0.0051207 0.9995958 5.7817035
0.9995584 0.0095429 -0.0281420 -0.0872412 -0.0094339 0.9999475 0.0040057 -0.0969928 0.0281787 -0.0037384 0.9995959 5.8416076
0.9995514 0.0067930 -0.0291683 -0.0879196 -0.0066536 0.9999660 0.0048711 -0.0971605 0.0292004 -0.0046749 0.9995626 5.8680391
0.9995527 0.0041708 -0.0296159 -0.0906887 -0.0039813 0.9999713 0.0064550 -0.0978178 0.0296420 -0.0063342 0.9995405 5.9269629
0.9995434 0.0014120 -0.0301836 -0.0917742 -0.0011519 0.9999620 0.0086344 -0.0985144 0.0301946 -0.0085957 0.9995071 5.9656434
0.9995497 -0.0005044 -0.0300029 -0.0942927 0.0008025 0.9999504 0.0099263 -0.0992142 0.0299965 -0.0099459 0.9995005 6.0249100
0.9995142 -0.0046145 -0.0308235 -0.0951492 0.0048569 0.9999579 0.0077937 -0.0995045 0.0307862 -0.0079397 0.9994944 6.0635405
0.9995013 -0.0072710 -0.0307268 -0.0975122 0.0074866 0.9999481 0.0069075 -0.1000759 0.0306750 -0.0071341 0.9995040 6.1224294
0.9994835 -0.0086235 -0.0309565 -0.0984480 0.0088496 0.9999351 0.0071748 -0.1009447 0.0308926 -0.0074451 0.9994950 6.1609612
0.9994755 -0.0089477 -0.0311249 -0.1006889 0.0091710 0.9999332 0.0070396 -0.1014047 0.0310599 -0.0073214 0.9994907 6.2203908
0.9995276 -0.0083587 -0.0295768 -0.1026056 0.0086275 0.9999225 0.0089711 -0.1015968 0.0294995 -0.0092221 0.9995223 6.2580552
0.9995354 -0.0062807 -0.0298263 -0.1040209 0.0065932 0.9999243 0.0103903 -0.1020446 0.0297588 -0.0105821 0.9995011 6.3174701
0.9995679 -0.0064422 -0.0286797 -0.1062363 0.0067046 0.9999364 0.0090655 -0.1027999 0.0286195 -0.0092539 0.9995475 6.3554554
0.9995829 -0.0060013 -0.0282493 -0.1085850 0.0062221 0.9999507 0.0077368 -0.1039311 0.0282015 -0.0079093 0.9995710 6.4163470
0.9995942 -0.0061329 -0.0278205 -0.1096859 0.0062647 0.9999695 0.0046538 -0.1039232 0.0277911 -0.0048262 0.9996021 6.4524298
0.9995803 -0.0081837 -0.0277886 -0.1117645 0.0082103 0.9999660 0.0008451 -0.1051838 0.0277808 -0.0010729 0.9996135 6.5123425
0.9995955 -0.0074306 -0.0274507 -0.1130116 0.0073625 0.9999695 -0.0025790 -0.1058428 0.0274690 0.0023759 0.9996198 6.5488896
0.9996100 -0.0071109 -0.0270052 -0.1152706 0.0070280 0.9999703 -0.0031645 -0.1074709 0.0270269 0.0029735 0.9996303 6.6088204
0.9995976 -0.0080616 -0.0271955 -0.1165960 0.0079757 0.9999629 -0.0032663 -0.1079604 0.0272208 0.0030481 0.9996248 6.6445870
0.9995911 -0.0073751 -0.0276281 -0.1184246 0.0073072 0.9999700 -0.0025597 -0.1094538 0.0276462 0.0023567 0.9996150 6.7039871
0.9995921 -0.0071615 -0.0276455 -0.1201763 0.0071221 0.9999735 -0.0015222 -0.1101645 0.0276557 0.0013247 0.9996166 6.7398171
0.9995971 -0.0061735 -0.0277026 -0.1227430 0.0061466 0.9999806 -0.0010574 -0.1114009 0.0277086 0.0008867 0.9996157 6.7993846
0.9995705 -0.0063644 -0.0286062 -0.1237565 0.0063197 0.9999787 -0.0016527 -0.1121741 0.0286161 0.0014712 0.9995894 6.8347468
0.9995578 -0.0056879 -0.0291859 -0.1263455 0.0056527 0.9999832 -0.0012880 -0.1132696 0.0291927 0.0011225 0.9995732 6.8944764
0.9995318 -0.0059597 -0.0300099 -0.1276220 0.0059563 0.9999822 -0.0002013 -0.1142000 0.0300106 0.0000225 0.9995496 6.9294448
0.9995023 -0.0051651 -0.0311204 -0.1298070 0.0051685 0.9999866 0.0000302 -0.1153404 0.0311198 -0.0001910 0.9995157 6.9890709
0.9994919 -0.0049943 -0.0314806 -0.1313194 0.0049749 0.9999874 -0.0006969 -0.1161960 0.0314837 0.0005399 0.9995041 7.0237045
0.9994816 -0.0037341 -0.0319779 -0.1340564 0.0036621 0.9999906 -0.0023099 -0.1175236 0.0319863 0.0021916 0.9994859 7.0838666
0.9994559 -0.0038036 -0.0327619 -0.1356142 0.0037503 0.9999915 -0.0016898 -0.1183300 0.0327681 0.0015660 0.9994618 7.1181183
0.9994367 -0.0038754 -0.0333367 -0.1382786 0.0037906 0.9999894 -0.0026056 -0.1194462 0.0333464 0.0024778 0.9994408 7.1780982
0.9994009 -0.0037391 -0.0344084 -0.1396389 0.0036157 0.9999868 -0.0036488 -0.1203627 0.0344216 0.0035222 0.9994012 7.2117805
0.9994033 -0.0034037 -0.0343720 -0.1425161 0.0032765 0.9999875 -0.0037582 -0.1214600 0.0343844 0.0036433 0.9994020 7.2723675
0.9993535 -0.0038028 -0.0357492 -0.1441115 0.0037293 0.9999908 -0.0021230 -0.1225890 0.0357569 0.0019883 0.9993585 7.3066130
0.9993393 -0.0042664 -0.0360942 -0.1475006 0.0042247 0.9999903 -0.0012320 -0.1243358 0.0360991 0.0010787 0.9993476 7.3652215
0.9992841 -0.0028910 -0.0377203 -0.1483223 0.0028422 0.9999951 -0.0013489 -0.1248198 0.0377240 0.0012407 0.9992874 7.4009066
0.9992775 -0.0024342 -0.0379271 -0.1516933 0.0023927 0.9999965 -0.0011401 -0.1259586 0.0379297 0.0010485 0.9992799 7.4600735
0.9992196 -0.0022984 -0.0394320 -0.1540636 0.0022324 0.9999960 -0.0017177 -0.1275729 0.0394358 0.0016283 0.9992208 7.5196209
0.9992408 -0.0017149 -0.0389221 -0.1576758 0.0016192 0.9999956 -0.0024913 -0.1284985 0.0389262 0.0024264 0.9992391 7.5790968
0.9991856 -0.0014669 -0.0403241 -0.1575749 0.0013930 0.9999973 -0.0018609 -0.1289972 0.0403267 0.0018032 0.9991849 7.5888729
0.9991972 -0.0013764 -0.0400375 -0.1619684 0.0012366 0.9999931 -0.0035154 -0.1303264 0.0400420 0.0034631 0.9991920 7.6462026
0.9991887 -0.0037415 -0.0400979 -0.1628312 0.0035649 0.9999836 -0.0044751 -0.1312263 0.0401140 0.0043285 0.9991857 7.6818652
0.9991596 -0.0071017 -0.0403693 -0.1662423 0.0069610 0.9999692 -0.0036235 -0.1330353 0.0403938 0.0033395 0.9991782 7.7411084
0.9991483 -0.0065043 -0.0407469 -0.1689748 0.0064924 0.9999788 -0.0004264 -0.1342639 0.0407488 0.0001615 0.9991694 7.7998776
0.9991193 -0.0074925 -0.0412850 -0.1698577 0.0076602 0.9999630 0.0039057 -0.1344404 0.0412542 -0.0042185 0.9991398 7.8226123
0.9991410 -0.0051754 -0.0411158 -0.1735088 0.0053290 0.9999792 0.0036276 -0.1357430 0.0410962 -0.0038436 0.9991478 7.8806067
0.9991239 -0.0042473 -0.0416336 -0.1741955 0.0042560 0.9999909 0.0001216 -0.1359766 0.0416327 -0.0002987 0.9991329 7.9154644
0.9991120 -0.0042119 -0.0419227 -0.1773829 0.0041412 0.9999899 -0.0017730 -0.1372929 0.0419298 0.0015978 0.9991193 7.9741988
0.9991106 -0.0040247 -0.0419736 -0.1805004 0.0039889 0.9999916 -0.0009384 -0.1394470 0.0419771 0.0007701 0.9991183 8.0342875
0.9991265 -0.0038182 -0.0416130 -0.1839114 0.0038125 0.9999927 -0.0002146 -0.1406153 0.0416136 0.0000557 0.9991338 8.0920200
0.9990998 -0.0044991 -0.0421823 -0.1835887 0.0045887 0.9999874 0.0020279 -0.1403027 0.0421726 -0.0022197 0.9991079 8.1014500
0.9991508 -0.0052796 -0.0408631 -0.1877466 0.0054091 0.9999807 0.0030599 -0.1409195 0.0408462 -0.0032783 0.9991601 8.1587238
0.9992090 -0.0052200 -0.0394228 -0.1913207 0.0053133 0.9999833 0.0022620 -0.1419782 0.0394103 -0.0024697 0.9992201 8.2151775
0.9991962 -0.0065094 -0.0395537 -0.1889640 0.0065464 0.9999782 0.0008056 -0.1431472 0.0395476 -0.0010639 0.9992171 8.2384672
0.9992657 -0.0062931 -0.0377957 -0.1929283 0.0062773 0.9999802 -0.0005389 -0.1443524 0.0377984 0.0003013 0.9992853 8.2962074
0.9993319 -0.0068649 -0.0358979 -0.1987142 0.0068430 0.9999763 -0.0007326 -0.1471239 0.0359021 0.0004864 0.9993552 8.3882742
0.9993219 -0.0066217 -0.0362193 -0.1948884 0.0066004 0.9999779 -0.0007073 -0.1456221 0.0362231 0.0004678 0.9993436 8.3744822
0.9993530 -0.0080401 -0.0350567 -0.1978512 0.0081053 0.9999657 0.0017196 -0.1474718 0.0350417 -0.0020026 0.9993839 8.4320011
0.9994093 -0.0062624 -0.0337907 -0.1986500 0.0063169 0.9999789 0.0015056 -0.1474798 0.0337806 -0.0017182 0.9994278 8.4648628
0.9994422 -0.0066970 -0.0327171 -0.2008534 0.0067371 0.9999767 0.0011146 -0.1483037 0.0327089 -0.0013344 0.9994640 8.5226402
0.9994736 -0.0060338 -0.0318749 -0.2032326 0.0061005 0.9999794 0.0019965 -0.1498951 0.0318622 -0.0021899 0.9994898 8.5788078
0.9994943 -0.0063786 -0.0311514 -0.2034589 0.0064366 0.9999777 0.0017639 -0.1500885 0.0311395 -0.0019635 0.9995131 8.5973787
0.9995298 -0.0060895 -0.0300516 -0.2062255 0.0061413 0.9999798 0.0016291 -0.1509207 0.0300411 -0.0018129 0.9995470 8.6538229
0.9995326 -0.0061230 -0.0299497 -0.2066575 0.0061764 0.9999795 0.0016915 -0.1517766 0.0299388 -0.0018756 0.9995500 8.6839828
0.9995418 -0.0071010 -0.0294225 -0.2086931 0.0071498 0.9999732 0.0015553 -0.1527098 0.0294107 -0.0017649 0.9995658 8.7397451
0.9995434 -0.0074764 -0.0292766 -0.2112554 0.0075569 0.9999679 0.0026399 -0.1543802 0.0292559 -0.0028599 0.9995679 8.7952547
0.9995188 -0.0080744 -0.0299481 -0.2112508 0.0081879 0.9999598 0.0036709 -0.1545166 0.0299173 -0.0039143 0.9995447 8.8103638
0.9995168 -0.0076628 -0.0301220 -0.2136883 0.0077790 0.9999627 0.0037408 -0.1554878 0.0300922 -0.0039733 0.9995393 8.8634634
0.9994908 -0.0072576 -0.0310717 -0.2146714 0.0073361 0.9999702 0.0024129 -0.1561610 0.0310533 -0.0026397 0.9995142 8.8918276
0.9994870 -0.0069010 -0.0312730 -0.2171614 0.0069634 0.9999740 0.0018860 -0.1576619 0.0312591 -0.0021028 0.9995091 8.9434414
0.9994620 -0.0069187 -0.0320601 -0.2182681 0.0069761 0.9999743 0.0016798 -0.1578898 0.0320477 -0.0019025 0.9994845 8.9710636
0.9994090 -0.0075370 -0.0335387 -0.2197146 0.0075883 0.9999702 0.0014028 -0.1586425 0.0335271 -0.0016565 0.9994364 9.0100470
0.9993560 -0.0076057 -0.0350668 -0.2221389 0.0076912 0.9999678 0.0023028 -0.1599050 0.0350482 -0.0025711 0.9993823 9.0604162
0.9992485 -0.0087799 -0.0377538 -0.2228531 0.0089450 0.9999511 0.0042080 -0.1606030 0.0377150 -0.0045426 0.9992782 9.0865593
0.9991584 -0.0084632 -0.0401367 -0.2251544 0.0087092 0.9999443 0.0059591 -0.1616486 0.0400841 -0.0063037 0.9991764 9.1355515
0.9990692 -0.0083950 -0.0423115 -0.2266548 0.0086495 0.9999456 0.0058370 -0.1620953 0.0422602 -0.0061975 0.9990874 9.1609564
0.9989435 -0.0083350 -0.0451930 -0.2291975 0.0085895 0.9999483 0.0054390 -0.1632445 0.0451453 -0.0058214 0.9989635 9.2079325
0.9988112 -0.0081391 -0.0480608 -0.2306988 0.0084013 0.9999509 0.0052563 -0.1632886 0.0480156 -0.0056539 0.9988306 9.2328167
0.9986604 -0.0079712 -0.0511258 -0.2334565 0.0082801 0.9999487 0.0058335 -0.1642885 0.0510767 -0.0062490 0.9986752 9.2775164
0.9984881 -0.0073482 -0.0544744 -0.2346912 0.0076504 0.9999565 0.0053413 -0.1647215 0.0544328 -0.0057500 0.9985009 9.3015585
0.9983226 -0.0073542 -0.0574276 -0.2376851 0.0076375 0.9999597 0.0047152 -0.1653864 0.0573906 -0.0051459 0.9983385 9.3445473
0.9981008 -0.0077339 -0.0611141 -0.2389118 0.0079989 0.9999596 0.0040924 -0.1659895 0.0610800 -0.0045734 0.9981224 9.3669424
0.9978846 -0.0063756 -0.0646974 -0.2418198 0.0066391 0.9999705 0.0038588 -0.1669463 0.0646709 -0.0042802 0.9978974 9.4078846
0.9976956 -0.0066467 -0.0675235 -0.2436338 0.0068963 0.9999702 0.0034653 -0.1675170 0.0674984 -0.0039230 0.9977117 9.4288130
0.9975394 -0.0044827 -0.0699643 -0.2467710 0.0046714 0.9999859 0.0025341 -0.1679231 0.0699520 -0.0028547 0.9975463 9.4681273
0.9974656 -0.0041165 -0.0710315 -0.2483267 0.0043781 0.9999842 0.0035283 -0.1687254 0.0710158 -0.0038303 0.9974678 9.4883146
0.9974573 -0.0046524 -0.0711144 -0.2512254 0.0050050 0.9999760 0.0047804 -0.1696554 0.0710904 -0.0051242 0.9974567 9.5257750
0.9975040 -0.0039321 -0.0705004 -0.2530029 0.0042988 0.9999780 0.0050508 -0.1697825 0.0704790 -0.0053413 0.9974990 9.5446301
0.9974988 -0.0045904 -0.0705351 -0.2558379 0.0049551 0.9999753 0.0049975 -0.1707568 0.0705104 -0.0053346 0.9974968 9.5797911
0.9975223 -0.0040475 -0.0702345 -0.2569990 0.0042593 0.9999868 0.0028653 -0.1709855 0.0702220 -0.0031574 0.9975264 9.5990219
0.9975548 -0.0042057 -0.0697616 -0.2595707 0.0042808 0.9999904 0.0009266 -0.1718048 0.0697571 -0.0012230 0.9975632 9.6337128
0.9976435 -0.0040226 -0.0684922 -0.2609826 0.0039966 0.9999919 -0.0005172 -0.1722295 0.0684937 0.0002422 0.9976515 9.6525421
0.9977218 -0.0034965 -0.0673722 -0.2634929 0.0034238 0.9999934 -0.0011938 -0.1727632 0.0673759 0.0009605 0.9977272 9.6875753
0.9978326 -0.0037823 -0.0656951 -0.2650045 0.0037233 0.9999925 -0.0010198 -0.1734278 0.0656985 0.0007730 0.9978392 9.7052584
0.9979358 -0.0037290 -0.0641119 -0.2673463 0.0036407 0.9999923 -0.0014930 -0.1738117 0.0641170 0.0012565 0.9979416 9.7393684
0.9980494 -0.0038706 -0.0623079 -0.2697255 0.0038395 0.9999924 -0.0006192 -0.1754886 0.0623099 0.0003788 0.9980568 9.7740164
0.9981550 -0.0047354 -0.0605325 -0.2703140 0.0046556 0.9999881 -0.0014601 -0.1753220 0.0605387 0.0011756 0.9981652 9.7832680
0.9983025 -0.0051353 -0.0580146 -0.2725235 0.0050979 0.9999867 -0.0007928 -0.1763077 0.0580179 0.0004957 0.9983154 9.8169346
0.9984733 -0.0056750 -0.0549438 -0.2734814 0.0056720 0.9999839 -0.0002120 -0.1765102 0.0549441 -0.0001000 0.9984894 9.8344803
0.9986140 -0.0065596 -0.0522206 -0.2754762 0.0065691 0.9999784 0.0000104 -0.1772553 0.0522194 -0.0003534 0.9986356 9.8678493
0.9987618 -0.0065685 -0.0493114 -0.2764231 0.0065916 0.9999782 0.0003056 -0.1776637 0.0493083 -0.0006303 0.9987834 9.8855257
0.9988899 -0.0069981 -0.0465845 -0.2781275 0.0069750 0.9999754 -0.0006582 -0.1780767 0.0465880 0.0003325 0.9989141 9.9179230
0.9990308 -0.0071498 -0.0434326 -0.2791857 0.0071377 0.9999744 -0.0004347 -0.1786687 0.0434346 0.0001243 0.9990563 9.9357510
0.9991460 -0.0065766 -0.0407923 -0.2807460 0.0065294 0.9999778 -0.0012905 -0.1793531 0.0407998 0.0010230 0.9991668 9.9686413
0.9992582 -0.0063278 -0.0379880 -0.2815157 0.0062619 0.9999787 -0.0018548 -0.1797218 0.0379989 0.0016155 0.9992765 9.9859762
0.9993511 -0.0061757 -0.0354861 -0.2829719 0.0061479 0.9999807 -0.0008948 -0.1804276 0.0354909 0.0006761 0.9993698 10.0197744
0.9994454 -0.0060219 -0.0327501 -0.2837016 0.0060154 0.9999819 -0.0002979 -0.1807949 0.0327513 0.0001007 0.9994635 10.0369453
0.9995084 -0.0063069 -0.0307107 -0.2850699 0.0062988 0.9999801 -0.0003590 -0.1814125 0.0307124 0.0001653 0.9995282 10.0703526
0.9995618 -0.0065722 -0.0288626 -0.2855500 0.0065276 0.9999774 -0.0016375 -0.1819699 0.0288727 0.0014484 0.9995821 10.0883894
0.9996132 -0.0058360 -0.0271919 -0.2868486 0.0057204 0.9999743 -0.0043286 -0.1824098 0.0272165 0.0041714 0.9996209 10.1224651
0.9996153 -0.0087785 -0.0263084 -0.2873119 0.0086351 0.9999472 -0.0055613 -0.1830886 0.0263559 0.0053320 0.9996384 10.1402864
0.9996269 -0.0083935 -0.0259942 -0.2888607 0.0082458 0.9999493 -0.0057839 -0.1838419 0.0260415 0.0055674 0.9996454 10.1750402
0.9996222 -0.0095226 -0.0257818 -0.2893829 0.0093566 0.9999347 -0.0065534 -0.1842956 0.0258425 0.0063097 0.9996461 10.1925173
0.9996410 -0.0067143 -0.0259380 -0.2907034 0.0065310 0.9999532 -0.0071460 -0.1850260 0.0259848 0.0069740 0.9996380 10.2283802
0.9996361 -0.0074546 -0.0259254 -0.2910290 0.0072669 0.9999468 -0.0073258 -0.1855468 0.0259786 0.0071348 0.9996371 10.2459240
0.9996210 -0.0083683 -0.0262283 -0.2923557 0.0081279 0.9999241 -0.0092558 -0.1865284 0.0263037 0.0090391 0.9996131 10.2819996
0.9995828 -0.0130447 -0.0257689 -0.2924792 0.0127582 0.9998553 -0.0112518 -0.1868653 0.0259119 0.0109183 0.9996046 10.2998648
0.9995446 -0.0160888 -0.0255276 -0.2933839 0.0157828 0.9998017 -0.0121441 -0.1877013 0.0257179 0.0117357 0.9996004 10.3362598
0.9995994 -0.0135773 -0.0248340 -0.2941964 0.0133628 0.9998721 -0.0087836 -0.1875627 0.0249501 0.0084482 0.9996530 10.3545952
0.9996654 -0.0092755 -0.0241437 -0.2960207 0.0092160 0.9999542 -0.0025765 -0.1883022 0.0241665 0.0023531 0.9997052 10.3927546
0.9996587 -0.0105181 -0.0239123 -0.2972337 0.0105429 0.9999440 0.0009086 -0.1894933 0.0239014 -0.0011604 0.9997137 10.4317255
0.9997112 -0.0107581 -0.0214871 -0.2969098 0.0107302 0.9999414 -0.0014115 -0.1892629 0.0215010 0.0011805 0.9997681 10.4384708
0.9997834 -0.0097829 -0.0183686 -0.2976167 0.0096558 0.9999290 -0.0069930 -0.1902379 0.0184357 0.0068141 0.9998068 10.4771461
0.9998639 -0.0088805 -0.0139071 -0.2990264 0.0087333 0.9999056 -0.0106076 -0.1910028 0.0140000 0.0104847 0.9998470 10.5165243
0.9999254 -0.0066166 -0.0102645 -0.3007199 0.0065114 0.9999263 -0.0102466 -0.1919309 0.0103315 0.0101790 0.9998948 10.5559092
0.9999444 -0.0079583 -0.0069155 -0.2998291 0.0078972 0.9999300 -0.0088152 -0.1913801 0.0069852 0.0087601 0.9999372 10.5523806
0.9999415 -0.0098539 -0.0044537 -0.3000473 0.0098278 0.9999346 -0.0058555 -0.1920048 0.0045111 0.0058114 0.9999729 10.5927954
0.9999105 -0.0132840 -0.0015934 -0.3001153 0.0132776 0.9999040 -0.0039729 -0.1927955 0.0016460 0.0039513 0.9999908 10.6112490
0.9999157 -0.0128915 0.0015237 -0.3006158 0.0128970 0.9999102 -0.0036410 -0.1936820 -0.0014767 0.0036603 0.9999922 10.6524811
0.9999384 -0.0102170 0.0043420 -0.3009664 0.0102417 0.9999312 -0.0057187 -0.1939628 -0.0042833 0.0057629 0.9999743 10.6700764
0.9999324 -0.0101402 0.0056895 -0.3005161 0.0101813 0.9999219 -0.0072424 -0.1957905 -0.0056157 0.0072999 0.9999576 10.7112894
0.9999172 -0.0088990 0.0092958 -0.3014435 0.0089761 0.9999254 -0.0082797 -0.1951988 -0.0092214 0.0083624 0.9999225 10.7287540
0.9999013 -0.0081151 0.0114716 -0.3009611 0.0081819 0.9999498 -0.0057917 -0.1963995 -0.0114240 0.0058850 0.9999174 10.7700491
0.9998682 -0.0059455 0.0151109 -0.3013557 0.0060115 0.9999726 -0.0043279 -0.1967687 -0.0150848 0.0044181 0.9998764 10.7881069
0.9998336 -0.0054680 0.0174018 -0.3008029 0.0055535 0.9999728 -0.0048653 -0.1974700 -0.0173747 0.0049611 0.9998367 10.8287430
0.9997746 -0.0051008 0.0206082 -0.3010582 0.0052098 0.9999727 -0.0052393 -0.1979237 -0.0205809 0.0053455 0.9997739 10.8469410
0.9997262 -0.0062535 0.0225454 -0.2998534 0.0063917 0.9999612 -0.0060619 -0.1986479 -0.0225066 0.0062043 0.9997274 10.8893261
0.9996350 -0.0099233 0.0251282 -0.3002867 0.0100490 0.9999376 -0.0048815 -0.1993458 -0.0250782 0.0051322 0.9996723 10.9059134
0.9996188 -0.0104272 0.0255627 -0.2995934 0.0105534 0.9999328 -0.0048064 -0.2002341 -0.0255109 0.0050744 0.9996617 10.9470377
0.9995814 -0.0114591 0.0265663 -0.2993382 0.0115943 0.9999205 -0.0049414 -0.2007435 -0.0265075 0.0052473 0.9996349 10.9655399
0.9995599 -0.0122498 0.0270175 -0.2989882 0.0123718 0.9999140 -0.0043538 -0.2022440 -0.0269618 0.0046861 0.9996255 11.0071926
0.9995717 -0.0118336 0.0267635 -0.2984892 0.0119491 0.9999200 -0.0041601 -0.2022421 -0.0267121 0.0044782 0.9996331 11.0255499
0.9995948 -0.0107127 0.0263710 -0.2979840 0.0108210 0.9999336 -0.0039680 -0.2029942 -0.0263268 0.0042518 0.9996443 11.0675249
0.9996286 -0.0109302 0.0249648 -0.2975712 0.0110575 0.9999265 -0.0049668 -0.2034306 -0.0249086 0.0052410 0.9996760 11.0851784
0.9996607 -0.0113337 0.0234553 -0.2972477 0.0114608 0.9999203 -0.0052928 -0.2050693 -0.0233934 0.0055599 0.9997109 11.1267939
0.9997136 -0.0098509 0.0218099 -0.2969339 0.0099877 0.9999311 -0.0061688 -0.2051769 -0.0217477 0.0063849 0.9997431 11.1450481
0.9997635 -0.0076776 0.0203452 -0.2968032 0.0078230 0.9999443 -0.0070768 -0.2057256 -0.0202898 0.0072343 0.9997680 11.1865520
0.9997969 -0.0076892 0.0186271 -0.2968007 0.0078218 0.9999445 -0.0070547 -0.2067891 -0.0185718 0.0071989 0.9998016 11.2046299
0.9998404 -0.0066702 0.0165755 -0.2968674 0.0067797 0.9999555 -0.0065590 -0.2078001 -0.0165310 0.0066704 0.9998411 11.2457504
0.9998804 -0.0073916 0.0135805 -0.2965367 0.0074624 0.9999588 -0.0051673 -0.2083101 -0.0135417 0.0052680 0.9998944 11.2643614
0.9999114 -0.0091374 0.0096820 -0.2971989 0.0091591 0.9999557 -0.0021940 -0.2100133 -0.0096616 0.0022825 0.9999507 11.3045349
0.9999440 -0.0095656 0.0045339 -0.2967176 0.0095705 0.9999536 -0.0010474 -0.2098200 -0.0045237 0.0010908 0.9999892 11.3233070
0.9999487 -0.0101216 -0.0003127 -0.2972871 0.0101216 0.9999488 0.0000849 -0.2108454 0.0003119 -0.0000881 0.9999999 11.3642883
0.9999318 -0.0106575 -0.0047819 -0.2984113 0.0106636 0.9999424 0.0012523 -0.2119757 0.0047683 -0.0013032 0.9999878 11.4030819
0.9998949 -0.0109686 -0.0094857 -0.2983920 0.0109818 0.9999388 0.0013365 -0.2116743 0.0094704 -0.0014405 0.9999541 11.4089184
0.9998359 -0.0114492 -0.0140373 -0.2996578 0.0114616 0.9999340 0.0008021 -0.2120670 0.0140272 -0.0009629 0.9999012 11.4483852
0.9997777 -0.0118007 -0.0174742 -0.3012190 0.0118135 0.9999300 0.0006332 -0.2131630 0.0174655 -0.0008395 0.9998471 11.4851360
0.9996912 -0.0115981 -0.0219742 -0.3008585 0.0116088 0.9999325 0.0003596 -0.2132638 0.0219685 -0.0006146 0.9997585 11.4906588
0.9996055 -0.0111642 -0.0257719 -0.3023396 0.0111678 0.9999377 -0.0000033 -0.2138567 0.0257704 -0.0002845 0.9996678 11.5269413
0.9995003 -0.0117766 -0.0293338 -0.3030813 0.0117931 0.9999304 0.0003922 -0.2145127 0.0293271 -0.0007380 0.9995696 11.5414295
0.9993697 -0.0130733 -0.0330027 -0.3055451 0.0130597 0.9999145 -0.0006276 -0.2152809 0.0330081 0.0001962 0.9994551 11.5749722
0.9992158 -0.0110343 -0.0380261 -0.3058399 0.0109669 0.9999379 -0.0019785 -0.2157285 0.0380456 0.0015599 0.9992748 11.5894251
0.9989842 -0.0094140 -0.0440677 -0.3081122 0.0092464 0.9999492 -0.0040057 -0.2165391 0.0441032 0.0035941 0.9990205 11.6214962
0.9985723 -0.0090933 -0.0526377 -0.3087779 0.0088245 0.9999468 -0.0053358 -0.2171907 0.0526834 0.0048637 0.9985994 11.6340418
0.9980075 -0.0093093 -0.0624055 -0.3115119 0.0088971 0.9999368 -0.0068798 -0.2177830 0.0624656 0.0063109 0.9980271 11.6630659
0.9970537 -0.0089246 -0.0761848 -0.3125690 0.0084000 0.9999388 -0.0072033 -0.2183620 0.0762445 0.0065422 0.9970677 11.6774130
0.9957433 -0.0073212 -0.0918784 -0.3168796 0.0067359 0.9999550 -0.0066792 -0.2193906 0.0919232 0.0060319 0.9957478 11.7051468
0.9936832 -0.0051373 -0.1121037 -0.3205228 0.0045074 0.9999726 -0.0058719 -0.2202799 0.1121308 0.0053295 0.9936792 11.7334909
0.9909067 -0.0036405 -0.1345014 -0.3211704 0.0028192 0.9999762 -0.0062961 -0.2201833 0.1345211 0.0058597 0.9908934 11.7379160
0.9872210 -0.0022521 -0.1593413 -0.3265320 0.0012261 0.9999779 -0.0065371 -0.2210306 0.1593525 0.0062582 0.9872019 11.7638292
0.9823884 -0.0011705 -0.1868464 -0.3317554 0.0000169 0.9999809 -0.0061754 -0.2219082 0.1868501 0.0060635 0.9823697 11.7886419
0.9760932 0.0000400 -0.2173523 -0.3332639 -0.0012534 0.9999844 -0.0054448 -0.2215679 0.2173487 0.0055871 0.9760780 11.7930346
0.9680258 0.0003970 -0.2508504 -0.3397043 -0.0015220 0.9999896 -0.0042908 -0.2216597 0.2508461 0.0045354 0.9680164 11.8178740
0.9582034 0.0004636 -0.2860875 -0.3482139 -0.0013909 0.9999944 -0.0030383 -0.2221360 0.2860845 0.0033092 0.9581987 11.8422194
0.9463393 0.0012476 -0.3231722 -0.3492985 -0.0013614 0.9999990 -0.0001260 -0.2228346 0.3231718 0.0005592 0.9463401 11.8438158
0.9323140 0.0027475 -0.3616395 -0.3584807 -0.0022056 0.9999958 0.0019113 -0.2232276 0.3616432 -0.0009843 0.9323161 11.8662100
0.9163141 0.0031621 -0.4004478 -0.3691206 -0.0016427 0.9999901 0.0041375 -0.2242998 0.4004569 -0.0031334 0.9163103 11.8881979
0.8978891 0.0036202 -0.4402067 -0.3712029 -0.0014836 0.9999854 0.0051977 -0.2234291 0.4402191 -0.0040139 0.8978814 11.8905506
0.8771561 0.0029505 -0.4801961 -0.3834467 -0.0000968 0.9999822 0.0059673 -0.2234586 0.4802052 -0.0051877 0.8771408 11.9105291
0.8528775 0.0025288 -0.5221050 -0.3952656 0.0012084 0.9999760 0.0068174 -0.2237706 0.5221097 -0.0064454 0.8528540 11.9290991
0.8260903 0.0021686 -0.5635336 -0.3990583 0.0024300 0.9999696 0.0074103 -0.2237934 0.5635325 -0.0074910 0.8260599 11.9321957
0.7964596 0.0025451 -0.6046864 -0.4143677 0.0032727 0.9999583 0.0085195 -0.2239653 0.6046830 -0.0087644 0.7964181 11.9495831
0.7637507 0.0041627 -0.6454979 -0.4299421 0.0011616 0.9999687 0.0078231 -0.2227432 0.6455103 -0.0067247 0.7637220 11.9666367
0.7283601 0.0037950 -0.6851841 -0.4329114 0.0029331 0.9999582 0.0086563 -0.2242556 0.6851883 -0.0083146 0.7283185 11.9665279
0.6893624 0.0027164 -0.7244115 -0.4508772 0.0068864 0.9999232 0.0103027 -0.2242631 0.7243840 -0.0120909 0.6892908 11.9803343
0.6460198 0.0025683 -0.7633163 -0.4693408 0.0118663 0.9998397 0.0134070 -0.2241473 0.7632284 -0.0177190 0.6458858 11.9930019
0.5971683 0.0028017 -0.8021111 -0.4721303 0.0162274 0.9997470 0.0155733 -0.2241308 0.8019518 -0.0223161 0.5969718 11.9950466
0.5459247 0.0066770 -0.8378077 -0.4914570 0.0148210 0.9997348 0.0176250 -0.2242676 0.8377031 -0.0220390 0.5456810 12.0053358
0.4932687 0.0131092 -0.8697782 -0.5130205 0.0093441 0.9997489 0.0203674 -0.2243324 0.8698268 -0.0181739 0.4930223 12.0138550
0.4381711 0.0171866 -0.8987273 -0.5157008 0.0062196 0.9997353 0.0221506 -0.2244030 0.8988701 -0.0152955 0.4379482 12.0138311
0.3802057 0.0193915 -0.9246987 -0.5366263 0.0054105 0.9997165 0.0231892 -0.2242142 0.9248861 -0.0138197 0.3799930 12.0212641
0.3227876 0.0209272 -0.9462400 -0.5593081 0.0061974 0.9996874 0.0242234 -0.2227597 0.9464511 -0.0136832 0.3225570 12.0261497
0.2642829 0.0240785 -0.9641446 -0.5622725 0.0081886 0.9995962 0.0272084 -0.2235408 0.9644105 -0.0150857 0.2639790 12.0256071
0.2043736 0.0275692 -0.9785047 -0.5850904 0.0101638 0.9994897 0.0302833 -0.2232045 0.9788402 -0.0161345 0.2039891 12.0291367
0.1428737 0.0314672 -0.9892405 -0.5951730 0.0115578 0.9993733 0.0334588 -0.2234852 0.9896734 -0.0162138 0.1424205 12.0287333
0.0789871 0.0344902 -0.9962789 -0.6191586 0.0119077 0.9992974 0.0355388 -0.2223261 0.9968046 -0.0146705 0.0785209 12.0286055
0.0152012 0.0411975 -0.9990354 -0.6308415 0.0128752 0.9990599 0.0413944 -0.2229919 0.9998016 -0.0134920 0.0146565 12.0266781
-0.0504940 0.0480672 -0.9975670 -0.6571591 0.0142426 0.9987742 0.0474045 -0.2225485 0.9986228 -0.0118143 -0.0511167 12.0226593
-0.1166901 0.0546171 -0.9916654 -0.6689139 0.0162663 0.9984579 0.0530771 -0.2218597 0.9930351 -0.0099372 -0.1173986 12.0197506
-0.1817134 0.0608112 -0.9814694 -0.6962869 0.0176312 0.9981270 0.0585790 -0.2210977 0.9831935 -0.0066599 -0.1824452 12.0114231
-0.2477767 0.0665549 -0.9665285 -0.7083116 0.0216343 0.9977689 0.0631600 -0.2204364 0.9685757 -0.0052606 -0.2486638 12.0078411
-0.3108574 0.0702219 -0.9478589 -0.7373767 0.0252094 0.9975253 0.0656338 -0.2185292 0.9501222 -0.0034922 -0.3118584 11.9957247
-0.3707151 0.0741398 -0.9257827 -0.7484400 0.0292997 0.9972461 0.0681303 -0.2190981 0.9282843 -0.0018682 -0.3718664 11.9891958
-0.4281876 0.0749416 -0.9005772 -0.7780728 0.0328024 0.9971877 0.0673849 -0.2173531 0.9030945 -0.0006877 -0.4294417 11.9720402
-0.4830505 0.0750034 -0.8723745 -0.7897253 0.0350853 0.9971823 0.0663065 -0.2165473 0.8748896 0.0014218 -0.4843209 11.9641113
-0.5325587 0.0748209 -0.8430795 -0.8187065 0.0366489 0.9971893 0.0653472 -0.2143942 0.8455992 0.0039033 -0.5338039 11.9421806
-0.5785555 0.0745313 -0.8122307 -0.8322730 0.0383471 0.9972007 0.0641896 -0.2131940 0.8147411 0.0059905 -0.5797940 11.9316645
-0.6180050 0.0758023 -0.7825112 -0.8611970 0.0395544 0.9970782 0.0653487 -0.2117199 0.7851785 0.0094341 -0.6191977 11.9055099
-0.6545326 0.0788130 -0.7519149 -0.8744760 0.0438954 0.9968355 0.0662743 -0.2101233 0.7547587 0.0103731 -0.6559208 11.8926392
-0.6896960 0.0856382 -0.7190170 -0.9045839 0.0520461 0.9962763 0.0687373 -0.2078980 0.7222261 0.0099858 -0.6915849 11.8609924
-0.7245508 0.0915440 -0.6831147 -0.9179864 0.0589177 0.9957385 0.0709471 -0.2068367 0.6866984 0.0111572 -0.7268568 11.8460903
-0.7555052 0.0936960 -0.6484080 -0.9456954 0.0623270 0.9955106 0.0712314 -0.2048395 0.6521711 0.0134023 -0.7579533 11.8084373
-0.7857994 0.0891325 -0.6120251 -0.9605775 0.0613452 0.9959137 0.0662770 -0.2027593 0.6154316 0.0145356 -0.7880563 11.7903061
