0.9999918 -0.0026818 -0.0030297 -0.0002927 0.0026760 0.9999946 -0.0019325 -0.0013656 0.0030349 0.0019243 0.9999936 0.0518990
0.9999822 -0.0030266 -0.0051392 -0.0004501 0.0030101 0.9999903 -0.0032195 -0.0020254 0.0051489 0.0032040 0.9999816 0.0781087
0.9999629 -0.0049483 -0.0070548 -0.0008625 0.0049127 0.9999751 -0.0050627 -0.0024802 0.0070797 0.0050279 0.9999623 0.1039537
0.9999354 -0.0073863 -0.0086327 -0.0012584 0.0073262 0.9999488 -0.0069767 -0.0031738 0.0086838 0.0069130 0.9999384 0.1297908
0.9999120 -0.0086709 -0.0100387 -0.0016117 0.0085957 0.9999349 -0.0075103 -0.0035680 0.0101032 0.0074233 0.9999214 0.1456998
0.9998976 -0.0085578 -0.0114678 -0.0025875 0.0084766 0.9999388 -0.0071151 -0.0044544 0.0115280 0.0070171 0.9999089 0.1830612
0.9998791 -0.0091305 -0.0125909 -0.0032289 0.0090389 0.9999324 -0.0073089 -0.0053579 0.0126567 0.0071942 0.9998940 0.2100756
0.9998704 -0.0083901 -0.0137377 -0.0038618 0.0082526 0.9999157 -0.0100310 -0.0061493 0.0138207 0.0099164 0.9998553 0.2373927
0.9998645 -0.0067597 -0.0150122 -0.0047656 0.0065547 0.9998852 -0.0136607 -0.0070084 0.0151028 0.0135604 0.9997940 0.2649780
0.9998503 -0.0058233 -0.0162959 -0.0056426 0.0055438 0.9998376 -0.0171494 -0.0077438 0.0163931 0.0170565 0.9997202 0.2934222
0.9998423 -0.0038615 -0.0173355 -0.0068336 0.0035608 0.9998432 -0.0173432 -0.0083365 0.0173998 0.0172787 0.9996993 0.3226070
0.9998257 -0.0012641 -0.0186261 -0.0075869 0.0010664 0.9999430 -0.0106222 -0.0089484 0.0186385 0.0106005 0.9997701 0.3518772
0.9998131 -0.0005538 -0.0193272 -0.0087047 0.0005516 0.9999998 -0.0001189 -0.0096782 0.0193273 0.0001082 0.9998132 0.3824884
0.9998018 0.0006583 -0.0198969 -0.0098607 -0.0005359 0.9999809 0.0061571 -0.0101721 0.0199006 -0.0061452 0.9997831 0.4106089
0.9997661 0.0025718 -0.0214748 -0.0109023 -0.0024593 0.9999831 0.0052645 -0.0110085 0.0214879 -0.0052105 0.9997555 0.4453978
0.9997435 0.0048635 -0.0221206 -0.0121818 -0.0048975 0.9999869 -0.0014822 -0.0115470 0.0221131 0.0015902 0.9997542 0.4738717
0.9997234 0.0046315 -0.0230557 -0.0136534 -0.0048059 0.9999602 -0.0075148 -0.0116580 0.0230199 0.0076235 0.9997059 0.5097064
0.9997010 0.0019824 -0.0243712 -0.0146358 -0.0021259 0.9999806 -0.0058629 -0.0118280 0.0243591 0.0059129 0.9996858 0.5439389
0.9996896 0.0011874 -0.0248867 -0.0157273 -0.0011057 0.9999940 0.0032948 -0.0123587 0.0248904 -0.0032663 0.9996849 0.5790977
0.9996843 0.0009194 -0.0251064 -0.0168301 -0.0006646 0.9999482 0.0101565 -0.0125473 0.0251145 -0.0101366 0.9996332 0.6109329
0.9996734 -0.0000873 -0.0255534 -0.0184365 0.0004172 0.9999166 0.0129062 -0.0129000 0.0255502 -0.0129126 0.9995902 0.6513276
0.9996661 -0.0018528 -0.0257730 -0.0194498 0.0021571 0.9999283 0.0117812 -0.0129110 0.0257493 -0.0118328 0.9995984 0.6843484
0.9996786 -0.0024816 -0.0252288 -0.0210196 0.0027162 0.9999534 0.0092664 -0.0129244 0.0252046 -0.0093319 0.9996387 0.7265129
0.9996918 -0.0000734 -0.0248240 -0.0224755 0.0002205 0.9999824 0.0059232 -0.0130775 0.0248232 -0.0059269 0.9996743 0.7654108
0.9997175 -0.0036370 -0.0234863 -0.0238967 0.0036427 0.9999933 0.0002026 -0.0131629 0.0234854 -0.0002881 0.9997241 0.8006036
0.9997134 -0.0059415 -0.0231902 -0.0248378 0.0058120 0.9999672 -0.0056492 -0.0140918 0.0232230 0.0055128 0.9997151 0.8451577
0.9997627 -0.0049078 -0.0212231 -0.0265820 0.0046754 0.9999287 -0.0109877 -0.0146644 0.0212755 0.0108859 0.9997144 0.8816746
0.9997562 -0.0028842 -0.0218911 -0.0277374 0.0026282 0.9999280 -0.0117105 -0.0156994 0.0219233 0.0116501 0.9996918 0.9281846
0.9997381 -0.0025908 -0.0227369 -0.0287218 0.0023339 0.9999332 -0.0113188 -0.0164777 0.0227647 0.0112628 0.9996774 0.9667122
0.9997470 -0.0016428 -0.0224342 -0.0301857 0.0013588 0.9999189 -0.0126661 -0.0176824 0.0224532 0.0126324 0.9996681 1.0141395
0.9997443 0.0019029 -0.0225322 -0.0314780 -0.0022291 0.9998930 -0.0144609 -0.0190889 0.0225023 0.0145074 0.9996415 1.0532712
0.9997327 0.0047536 -0.0226245 -0.0332400 -0.0051042 0.9998674 -0.0154649 -0.0200913 0.0225479 0.0155762 0.9996244 1.1022544
0.9997185 0.0062238 -0.0228969 -0.0343891 -0.0065787 0.9998589 -0.0154567 -0.0212517 0.0227975 0.0156030 0.9996184 1.1419413
0.9997102 0.0071500 -0.0229874 -0.0360904 -0.0075030 0.9998547 -0.0153049 -0.0230899 0.0228746 0.0154730 0.9996186 1.1923467
0.9997095 0.0071285 -0.0230227 -0.0374917 -0.0074814 0.9998553 -0.0152798 -0.0243272 0.0229104 0.0154476 0.9996182 1.2330956
0.9996797 0.0079819 -0.0240150 -0.0387676 -0.0083204 0.9998670 -0.0140299 -0.0259976 0.0238998 0.0142252 0.9996132 1.2842916
0.9996784 0.0083254 -0.0239529 -0.0403911 -0.0086165 0.9998900 -0.0120753 -0.0271534 0.0238498 0.0122778 0.9996402 1.3260961
0.9996508 0.0090427 -0.0248293 -0.0417872 -0.0093175 0.9998964 -0.0109732 -0.0286125 0.0247275 0.0112008 0.9996315 1.3776129
0.9996470 0.0092778 -0.0248939 -0.0434854 -0.0095766 0.9998832 -0.0119093 -0.0298778 0.0247805 0.0121435 0.9996192 1.4195454
0.9996282 0.0104692 -0.0251764 -0.0451423 -0.0108059 0.9998535 -0.0132737 -0.0310128 0.0250338 0.0135409 0.9995949 1.4716479
0.9996156 0.0103835 -0.0257071 -0.0465453 -0.0106976 0.9998694 -0.0121125 -0.0323564 0.0255779 0.0123828 0.9995961 1.5143729
0.9996047 0.0099935 -0.0262786 -0.0483711 -0.0102561 0.9998986 -0.0098791 -0.0333372 0.0261773 0.0101447 0.9996058 1.5576384
0.9995887 0.0097062 -0.0269875 -0.0500355 -0.0098715 0.9999333 -0.0059971 -0.0348936 0.0269275 0.0062610 0.9996178 1.6157783
0.9995765 0.0093930 -0.0275419 -0.0516933 -0.0095006 0.9999477 -0.0037792 -0.0358637 0.0275049 0.0040392 0.9996135 1.6593689
0.9995517 0.0097546 -0.0283075 -0.0533073 -0.0098517 0.9999461 -0.0032938 -0.0372404 0.0282739 0.0035712 0.9995939 1.7140032
0.9995441 0.0093717 -0.0286990 -0.0549389 -0.0095205 0.9999419 -0.0050512 -0.0378293 0.0286500 0.0053222 0.9995753 1.7582607
0.9994816 0.0093258 -0.0308160 -0.0556879 -0.0095010 0.9999395 -0.0055423 -0.0388292 0.0307625 0.0058322 0.9995097 1.8027363
0.9995013 0.0092030 -0.0302062 -0.0591451 -0.0093153 0.9999502 -0.0035813 -0.0408466 0.0301718 0.0038609 0.9995373 1.8625885
0.9994800 0.0093023 -0.0308731 -0.0612406 -0.0093689 0.9999541 -0.0020110 -0.0415771 0.0308530 0.0022992 0.9995213 1.9073851
0.9994692 0.0088404 -0.0313555 -0.0635652 -0.0088214 0.9999608 0.0007432 -0.0431288 0.0313608 -0.0004662 0.9995080 1.9627181
0.9994515 0.0106803 -0.0313459 -0.0657117 -0.0106812 0.9999430 0.0001375 -0.0436969 0.0313456 0.0001974 0.9995086 2.0069337
0.9993938 0.0112583 -0.0329451 -0.0670329 -0.0113699 0.9999303 -0.0032008 -0.0449976 0.0329068 0.0035734 0.9994521 2.0512593
0.9993935 0.0121657 -0.0326305 -0.0697875 -0.0124066 0.9998972 -0.0071883 -0.0463420 0.0325397 0.0075887 0.9994416 2.1110373
0.9994159 0.0116607 -0.0321225 -0.0723153 -0.0118896 0.9999052 -0.0069437 -0.0478252 0.0320385 0.0073215 0.9994598 2.1552382
0.9993880 0.0127507 -0.0325719 -0.0740313 -0.0128999 0.9999072 -0.0043745 -0.0491248 0.0325131 0.0047920 0.9994598 2.2109594
0.9993839 0.0133640 -0.0324529 -0.0759910 -0.0134591 0.9999058 -0.0027148 -0.0500110 0.0324135 0.0031499 0.9994696 2.2555315
0.9994090 0.0115346 -0.0323810 -0.0783260 -0.0115829 0.9999321 -0.0013047 -0.0513242 0.0323638 0.0016790 0.9994748 2.3106122
0.9994113 0.0116481 -0.0322685 -0.0800262 -0.0117309 0.9999284 -0.0023784 -0.0521814 0.0322385 0.0027555 0.9994764 2.3548787
0.9994316 0.0109629 -0.0318802 -0.0822277 -0.0111040 0.9999293 -0.0042504 -0.0533222 0.0318313 0.0046020 0.9994826 2.4105277
0.9994311 0.0104778 -0.0320565 -0.0833840 -0.0106833 0.9999234 -0.0062456 -0.0544234 0.0319886 0.0065845 0.9994665 2.4547708
0.9994530 0.0097671 -0.0315951 -0.0864501 -0.0100476 0.9999114 -0.0087298 -0.0559883 0.0315071 0.0090425 0.9994626 2.5107510
0.9994616 0.0084293 -0.0317100 -0.0878955 -0.0088005 0.9998941 -0.0115853 -0.0575988 0.0316090 0.0118582 0.9994299 2.5546420
0.9994901 0.0062127 -0.0313187 -0.0902978 -0.0066345 0.9998884 -0.0133830 -0.0594333 0.0312320 0.0135839 0.9994199 2.6104650
0.9995201 0.0045228 -0.0306451 -0.0924091 -0.0048673 0.9999257 -0.0111783 -0.0607370 0.0305922 0.0113221 0.9994678 2.6555591
0.9995134 0.0031957 -0.0310268 -0.0944189 -0.0033687 0.9999791 -0.0055248 -0.0622645 0.0310085 0.0056266 0.9995033 2.7106910
0.9995167 0.0015639 -0.0310479 -0.0958959 -0.0015580 0.9999987 0.0002142 -0.0630179 0.0310482 -0.0001657 0.9995179 2.7554874
0.9995292 0.0000902 -0.0306822 -0.0981941 -0.0000567 0.9999994 0.0010929 -0.0645097 0.0306822 -0.0010906 0.9995286 2.8101640
0.9995210 -0.0040568 -0.0306809 -0.0996886 0.0040002 0.9999902 -0.0019047 -0.0652461 0.0306883 0.0017810 0.9995274 2.8550420
0.9995131 -0.0049986 -0.0307973 -0.1015640 0.0048533 0.9999768 -0.0047925 -0.0666764 0.0308205 0.0046407 0.9995142 2.9097331
0.9995154 -0.0026629 -0.0310134 -0.1035532 0.0023915 0.9999586 -0.0087838 -0.0679451 0.0310355 0.0087054 0.9994804 2.9544871
0.9995258 -0.0027932 -0.0306648 -0.1057946 0.0023923 0.9999113 -0.0131018 -0.0693045 0.0306987 0.0130222 0.9994438 3.0095074
0.9995648 0.0002578 -0.0294986 -0.1079824 -0.0006762 0.9998993 -0.0141727 -0.0703258 0.0294920 0.0141865 0.9994643 3.0542765
0.9995534 0.0039861 -0.0296147 -0.1099732 -0.0042953 0.9999369 -0.0103846 -0.0721381 0.0295715 0.0105072 0.9995074 3.1099360
0.9995545 0.0050626 -0.0294158 -0.1119656 -0.0052969 0.9999548 -0.0078914 -0.0735556 0.0293745 0.0080437 0.9995361 3.1545784
0.9995497 0.0046034 -0.0296503 -0.1136057 -0.0048253 0.9999608 -0.0074165 -0.0750402 0.0296150 0.0075563 0.9995328 3.2098174
0.9995469 0.0021455 -0.0300224 -0.1149284 -0.0023441 0.9999756 -0.0065818 -0.0761942 0.0300076 0.0066492 0.9995276 3.2542684
0.9995381 0.0020134 -0.0303247 -0.1171048 -0.0021725 0.9999840 -0.0052154 -0.0777431 0.0303137 0.0052789 0.9995265 3.3106732
0.9995396 0.0008068 -0.0303315 -0.1191329 -0.0009008 0.9999948 -0.0030874 -0.0789087 0.0303288 0.0031133 0.9995351 3.3555708
0.9995142 -0.0003056 -0.0311654 -0.1212082 0.0002579 0.9999988 -0.0015334 -0.0803248 0.0311659 0.0015246 0.9995131 3.4113524
0.9995208 -0.0016039 -0.0309109 -0.1238083 0.0015232 0.9999954 -0.0026351 -0.0815462 0.0309150 0.0025867 0.9995187 3.4562926
0.9994798 -0.0011184 -0.0322307 -0.1254143 0.0009103 0.9999787 -0.0064709 -0.0830397 0.0322372 0.0064382 0.9994595 3.5110922
0.9994534 -0.0008505 -0.0330481 -0.1273397 0.0005637 0.9999621 -0.0086859 -0.0840779 0.0330542 0.0086625 0.9994160 3.5555706
0.9994339 0.0012093 -0.0336218 -0.1298643 -0.0014391 0.9999758 -0.0068105 -0.0857049 0.0336127 0.0068550 0.9994114 3.6103137
0.9993948 0.0025892 -0.0346892 -0.1312941 -0.0026784 0.9999932 -0.0025231 -0.0869152 0.0346824 0.0026145 0.9993950 3.6545517
0.9993794 0.0035612 -0.0350445 -0.1341740 -0.0035127 0.9999928 0.0014447 -0.0883322 0.0350493 -0.0013207 0.9993847 3.7091577
0.9993649 0.0046409 -0.0353319 -0.1368234 -0.0045692 0.9999873 0.0021111 -0.0894408 0.0353413 -0.0019483 0.9993734 3.7587996
0.9993485 0.0045691 -0.0358004 -0.1389022 -0.0045722 0.9999896 -0.0000035 -0.0903167 0.0358000 0.0001672 0.9993590 3.8021934
0.9993066 0.0040372 -0.0370152 -0.1410122 -0.0040716 0.9999914 -0.0008538 -0.0913952 0.0370114 0.0010039 0.9993144 3.8566501
0.9993044 0.0039646 -0.0370806 -0.1436164 -0.0040039 0.9999915 -0.0009867 -0.0924111 0.0370764 0.0011345 0.9993118 3.8992286
0.9992706 0.0023664 -0.0381136 -0.1457243 -0.0023923 0.9999970 -0.0006320 -0.0937629 0.0381119 0.0007227 0.9992732 3.9524963
0.9992409 0.0013297 -0.0389354 -0.1475631 -0.0013037 0.9999989 0.0006930 -0.0948076 0.0389362 -0.0006417 0.9992415 3.9946110
0.9992189 0.0012327 -0.0394986 -0.1502105 -0.0010914 0.9999929 0.0035982 -0.0960421 0.0395028 -0.0035522 0.9992132 4.0457587
0.9991862 0.0005706 -0.0403317 -0.1525105 -0.0003885 0.9999897 0.0045234 -0.0971937 0.0403339 -0.0045040 0.9991761 4.0909052
0.9990845 -0.0008422 -0.0427711 -0.1541980 0.0010311 0.9999898 0.0043941 -0.0977997 0.0427669 -0.0044342 0.9990752 4.1302176
0.9989566 -0.0011270 -0.0456571 -0.1572645 0.0013006 0.9999920 0.0037719 -0.0990843 0.0456525 -0.0038273 0.9989501 4.1783156
0.9987854 -0.0012104 -0.0492559 -0.1596708 0.0013567 0.9999948 0.0029378 -0.1001184 0.0492521 -0.0030010 0.9987819 4.2207365
0.9986317 -0.0011323 -0.0522837 -0.1623699 0.0013054 0.9999938 0.0032770 -0.1010060 0.0522796 -0.0033408 0.9986269 4.2618361
0.9984597 -0.0001052 -0.0554822 -0.1650417 0.0003528 0.9999900 0.0044522 -0.1020090 0.0554812 -0.0044649 0.9984497 4.3020096
0.9983186 0.0011642 -0.0579538 -0.1681214 -0.0008764 0.9999872 0.0049905 -0.1025886 0.0579589 -0.0049313 0.9983068 4.3366590
0.9981362 0.0017376 -0.0610001 -0.1710443 -0.0013139 0.9999747 0.0069856 -0.1037430 0.0610107 -0.0068924 0.9981133 4.3783679
0.9979697 0.0034680 -0.0635962 -0.1738033 -0.0029879 0.9999663 0.0076422 -0.1043993 0.0636206 -0.0074367 0.9979464 4.4149313
0.9977775 0.0052642 -0.0664264 -0.1765544 -0.0047384 0.9999562 0.0080712 -0.1051075 0.0664660 -0.0077385 0.9977587 4.4500914
0.9975798 0.0075171 -0.0691230 -0.1791185 -0.0070534 0.9999509 0.0069500 -0.1058159 0.0691719 -0.0064456 0.9975839 4.4802504
0.9974060 0.0082337 -0.0715086 -0.1819007 -0.0080318 0.9999629 0.0031106 -0.1064143 0.0715316 -0.0025282 0.9974352 4.5089984
0.9972016 0.0108872 -0.0739617 -0.1854486 -0.0109487 0.9999400 -0.0004271 -0.1073021 0.0739527 0.0012357 0.9972610 4.5469141
0.9969847 0.0129663 -0.0765072 -0.1874097 -0.0133108 0.9999034 -0.0039945 -0.1073141 0.0764480 0.0050009 0.9970610 4.5729370
0.9969438 0.0148076 -0.0767057 -0.1905313 -0.0151730 0.9998761 -0.0041829 -0.1085386 0.0766343 0.0053340 0.9970450 4.5978293
0.9969629 0.0170913 -0.0759791 -0.1935652 -0.0174098 0.9998422 -0.0035312 -0.1096848 0.0759067 0.0048433 0.9971032 4.6320910
0.9971197 0.0208807 -0.0729125 -0.1957473 -0.0210825 0.9997758 -0.0019992 -0.1103951 0.0728544 0.0035307 0.9973363 4.6548777
0.9974393 0.0233161 -0.0676100 -0.1974767 -0.0234355 0.9997249 -0.0009743 -0.1109028 0.0675686 0.0025563 0.9977114 4.6773252
0.9978836 0.0242144 -0.0603489 -0.1996499 -0.0241848 0.9997067 0.0012202 -0.1118074 0.0603607 0.0002419 0.9981766 4.7068143
0.9983982 0.0242445 -0.0511193 -0.2003333 -0.0240701 0.9997022 0.0040251 -0.1125826 0.0512017 -0.0027882 0.9986845 4.7272515
0.9989476 0.0235756 -0.0393422 -0.2010427 -0.0233909 0.9997131 0.0051473 -0.1130516 0.0394523 -0.0042217 0.9992126 4.7469978
0.9993917 0.0227621 -0.0264238 -0.2014603 -0.0226359 0.9997309 0.0050661 -0.1135447 0.0265320 -0.0044649 0.9996380 4.7727962
0.9996784 0.0228001 -0.0110993 -0.2015680 -0.0227536 0.9997318 0.0042982 -0.1139743 0.0111943 -0.0040443 0.9999292 4.7904034
0.9997499 0.0212439 0.0069906 -0.2010515 -0.0212529 0.9997734 0.0012132 -0.1144181 -0.0069632 -0.0013615 0.9999748 4.8082633
0.9993984 0.0210985 0.0275282 -0.1997359 -0.0210209 0.9997742 -0.0031047 -0.1149402 -0.0275875 0.0025242 0.9996162 4.8248115
0.9985762 0.0185539 0.0500124 -0.1969040 -0.0181896 0.9998047 -0.0077280 -0.1157470 -0.0501460 0.0068073 0.9987187 4.8495307
0.9969533 0.0162947 0.0762800 -0.1944922 -0.0155562 0.9998263 -0.0102654 -0.1162400 -0.0764340 0.0090475 0.9970336 4.8659453
0.9942037 0.0134728 0.1066656 -0.1925201 -0.0123613 0.9998623 -0.0110749 -0.1168620 -0.1068001 0.0096921 0.9942333 4.8810968
0.9902119 0.0106773 0.1391630 -0.1896052 -0.0089910 0.9998784 -0.0127404 -0.1174728 -0.1392821 0.0113645 0.9901875 4.8965907
0.9848216 0.0081634 0.1733777 -0.1840894 -0.0057953 0.9998829 -0.0141604 -0.1183260 -0.1734730 0.0129407 0.9847536 4.9187036
0.9773613 0.0051115 0.2115157 -0.1799068 -0.0019715 0.9998847 -0.0150536 -0.1186064 -0.2115683 0.0142958 0.9772587 4.9336691
0.9678442 0.0023734 0.2515389 -0.1753486 0.0015373 0.9998810 -0.0153493 -0.1193372 -0.2515454 0.0152424 0.9677255 4.9471002
0.9561521 0.0032996 0.2928520 -0.1686172 0.0014176 0.9998727 -0.0158943 -0.1203777 -0.2928672 0.0156125 0.9560257 4.9660673
0.9415466 0.0052290 0.3368423 -0.1631639 0.0000723 0.9998764 -0.0157238 -0.1210690 -0.3368829 0.0148290 0.9414298 4.9789758
0.9245643 0.0053984 0.3809877 -0.1566342 0.0001503 0.9998944 -0.0145326 -0.1214637 -0.3810259 0.0134936 0.9244659 4.9919477
0.9053345 0.0044842 0.4246755 -0.1472098 0.0013652 0.9999084 -0.0134685 -0.1220559 -0.4246970 0.0127732 0.9052455 5.0086355
0.8830220 0.0034615 0.4693189 -0.1395757 0.0031529 0.9999065 -0.0133072 -0.1227744 -0.4693211 0.0132303 0.8829285 5.0205588
0.8587036 0.0042724 0.5124547 -0.1312215 0.0041016 0.9998759 -0.0152090 -0.1233352 -0.5124561 0.0151619 0.8585796 5.0321484
0.8322737 0.0057992 0.5543346 -0.1195512 0.0051577 0.9998210 -0.0182034 -0.1243264 -0.5543409 0.0180093 0.8320948 5.0471754
0.8024256 0.0102194 0.5966646 -0.1101546 0.0039728 0.9997397 -0.0224659 -0.1249044 -0.5967389 0.0203976 0.8021762 5.0585756
0.7696785 0.0164479 0.6382198 -0.0979378 -0.0000075 0.9996683 -0.0257540 -0.1256710 -0.6384317 0.0198176 0.7694233 5.0717044
0.7335076 0.0209664 0.6793578 -0.0869160 -0.0020657 0.9995883 -0.0286191 -0.1260058 -0.6796781 0.0195890 0.7332489 5.0823274
0.6954984 0.0212343 0.7182138 -0.0724957 -0.0007027 0.9995828 -0.0288726 -0.1269783 -0.7185273 0.0195761 0.6952232 5.0940552
0.6558609 0.0186295 0.7546518 -0.0595295 0.0026058 0.9996336 -0.0269419 -0.1277221 -0.7548772 0.0196366 0.6555721 5.1030207
0.6131393 0.0165793 0.7898008 -0.0434144 0.0040678 0.9997002 -0.0241434 -0.1282884 -0.7899644 0.0180160 0.6128880 5.1135097
0.5689709 0.0151016 0.8222190 -0.0288708 0.0044141 0.9997609 -0.0214171 -0.1287746 -0.8223459 0.0158151 0.5687682 5.1214886
0.5209073 0.0128859 0.8535160 -0.0114608 0.0053770 0.9998167 -0.0183762 -0.1293447 -0.8535963 0.0141617 0.5207425 5.1309767
0.4714415 0.0089547 0.8818519 0.0058281 0.0078118 0.9998668 -0.0143293 -0.1301877 -0.8818628 0.0136443 0.4713087 5.1384683
0.4206822 0.0091749 0.9071617 0.0237731 0.0048698 0.9999116 -0.0123713 -0.1310040 -0.9071950 0.0096221 0.4206003 5.1455956
0.3703308 0.0139339 0.9287953 0.0405476 0.0007969 0.9998823 -0.0153181 -0.1316350 -0.9288995 0.0064130 0.3702762 5.1514797
0.3210661 0.0191641 0.9468629 0.0621125 -0.0000352 0.9997955 -0.0202235 -0.1322132 -0.9470568 0.0064598 0.3210011 5.1574616
0.2757912 0.0211022 0.9609859 0.0808997 0.0008263 0.9997534 -0.0221906 -0.1328212 -0.9612172 0.0069140 0.2757057 5.1612797
0.2350067 0.0205523 0.9717764 0.1046773 0.0081336 0.9996998 -0.0231098 -0.1336927 -0.9719597 0.0133349 0.2347690 5.1656137
0.1998430 0.0206546 0.9796103 0.1254051 0.0158890 0.9995780 -0.0243170 -0.1339019 -0.9796991 0.0204247 0.1994305 5.1687651
0.1704275 0.0214706 0.9851362 0.1513177 0.0196607 0.9994895 -0.0251847 -0.1349431 -0.9851739 0.0236606 0.1699184 5.1717086
0.1418443 0.0199246 0.9896884 0.1735755 0.0174789 0.9995911 -0.0226291 -0.1358453 -0.9897346 0.0205085 0.1414380 5.1750956
0.1179809 0.0169343 0.9928714 0.2026626 0.0110528 0.9997702 -0.0183654 -0.1364859 -0.9929543 0.0131407 0.1177666 5.1780515
0.0944342 0.0130358 0.9954457 0.2298476 0.0057601 0.9998904 -0.0136405 -0.1374146 -0.9955144 0.0070220 0.0943487 5.1807404
0.0712794 0.0105089 0.9974011 0.2550015 0.0097924 0.9998890 -0.0112349 -0.1381675 -0.9974084 0.0105678 0.0711686 5.1825624
0.0522907 0.0107915 0.9985735 0.2873940 0.0177448 0.9997737 -0.0117337 -0.1394268 -0.9984742 0.0183331 0.0520874 5.1828694
0.0348893 0.0128944 0.9993079 0.3177494 0.0220068 0.9996644 -0.0136673 -0.1405104 -0.9991488 0.0224684 0.0345938 5.1835151
0.0207874 0.0185237 0.9996122 0.3456801 0.0220685 0.9995763 -0.0189820 -0.1409751 -0.9995402 0.0224545 0.0203698 5.1840343
0.0103004 0.0229483 0.9996836 0.3822196 0.0203575 0.9995246 -0.0231544 -0.1415172 -0.9997397 0.0205896 0.0098283 5.1845074
0.0039904 0.0224917 0.9997390 0.4124090 0.0221839 0.9994990 -0.0225748 -0.1424400 -0.9997458 0.0222682 0.0034894 5.1846595
0.0014046 0.0196108 0.9998066 0.4514388 0.0285263 0.9994000 -0.0196429 -0.1434056 -0.9995920 0.0285483 0.0008443 5.1846361
0.0023716 0.0175933 0.9998424 0.4840408 0.0299586 0.9993952 -0.0176565 -0.1446566 -0.9995483 0.0299957 0.0018431 5.1844282
0.0036963 0.0172427 0.9998445 0.5177087 0.0286004 0.9994405 -0.0173415 -0.1457478 -0.9995841 0.0286600 0.0032010 5.1858997
0.0054044 0.0176791 0.9998292 0.5631636 0.0249229 0.9995307 -0.0178085 -0.1472057 -0.9996749 0.0250149 0.0049613 5.1860747
0.0066748 0.0187899 0.9998012 0.5977005 0.0243142 0.9995248 -0.0189470 -0.1480752 -0.9996821 0.0244359 0.0062148 5.1865492
0.0075259 0.0192568 0.9997863 0.6333462 0.0245891 0.9995087 -0.0194366 -0.1495385 -0.9996694 0.0247301 0.0070487 5.1876316
0.0080906 0.0190209 0.9997863 0.6839774 0.0238123 0.9995319 -0.0192088 -0.1509893 -0.9996837 0.0239627 0.0076339 5.1890883
0.0088156 0.0182463 0.9997947 0.7217720 0.0223882 0.9995793 -0.0184398 -0.1517399 -0.9997105 0.0225461 0.0084034 5.1899052
0.0089831 0.0166581 0.9998209 0.7682203 0.0231192 0.9995905 -0.0168620 -0.1535014 -0.9996924 0.0232665 0.0085943 5.1907291
0.0084760 0.0139056 0.9998674 0.8076651 0.0235238 0.9996238 -0.0141016 -0.1551310 -0.9996874 0.0236402 0.0081457 5.1915689
0.0072826 0.0126259 0.9998938 0.8474178 0.0213797 0.9996898 -0.0127790 -0.1560958 -0.9997450 0.0214705 0.0070104 5.1925130
0.0064540 0.0120060 0.9999071 0.8994923 0.0201676 0.9997230 -0.0121340 -0.1571833 -0.9997758 0.0202440 0.0062101 5.1929502
0.0050734 0.0093264 0.9999436 0.9402186 0.0227360 0.9996970 -0.0094395 -0.1582376 -0.9997286 0.0227826 0.0048599 5.1935081
0.0041538 0.0078908 0.9999602 0.9892038 0.0240526 0.9996788 -0.0079885 -0.1594778 -0.9997020 0.0240848 0.0039627 5.1940169
0.0023175 0.0068723 0.9999737 1.0302393 0.0216118 0.9997425 -0.0069208 -0.1607950 -0.9997638 0.0216273 0.0021683 5.1948252
0.0014835 0.0115461 0.9999322 1.0806487 0.0186671 0.9997588 -0.0115717 -0.1623666 -0.9998246 0.0186830 0.0012676 5.1957636
0.0005355 0.0158226 0.9998747 1.1225637 0.0201871 0.9996709 -0.0158302 -0.1635486 -0.9997961 0.0201930 0.0002159 5.1966100
-0.0005605 0.0175341 0.9998461 1.1646817 0.0203090 0.9996402 -0.0175191 -0.1648924 -0.9997936 0.0202960 -0.0009164 5.1967239
-0.0023287 0.0155088 0.9998770 1.2203082 0.0163701 0.9997463 -0.0154686 -0.1667287 -0.9998632 0.0163321 -0.0025820 5.1979432
-0.0029301 0.0116806 0.9999273 1.2629061 0.0136057 0.9998397 -0.0116397 -0.1678368 -0.9999030 0.0135706 -0.0030885 5.1983118
-0.0037403 0.0057322 0.9999765 1.3057164 0.0121758 0.9999097 -0.0056863 -0.1697254 -0.9999188 0.0121542 -0.0038098 5.1990504
-0.0039699 0.0007277 0.9999918 1.3616897 0.0081867 0.9999663 -0.0006952 -0.1708040 -0.9999586 0.0081839 -0.0039757 5.1997323
-0.0035986 -0.0007507 0.9999932 1.4038465 0.0058877 0.9999824 0.0007719 -0.1719261 -0.9999762 0.0058905 -0.0035941 5.2000599
-0.0026140 0.0064668 0.9999756 1.4462957 0.0085740 0.9999425 -0.0064442 -0.1727796 -0.9999598 0.0085570 -0.0026693 5.2000327
-0.0016346 0.0173256 0.9998485 1.5005627 0.0110004 0.9997897 -0.0173066 -0.1744910 -0.9999381 0.0109705 -0.0018249 5.2004824
-0.0011206 0.0224897 0.9997464 1.5423381 0.0128651 0.9996647 -0.0224735 -0.1756139 -0.9999166 0.0128367 -0.0014096 5.2009230
0.0003324 0.0175294 0.9998463 1.5856208 0.0141996 0.9997455 -0.0175323 -0.1767179 -0.9998991 0.0142032 0.0000834 5.2011571
0.0011971 0.0092171 0.9999568 1.6393099 0.0171838 0.9998097 -0.0092364 -0.1789643 -0.9998516 0.0171941 0.0010385 5.2015061
0.0015757 0.0061667 0.9999797 1.6815610 0.0192622 0.9997953 -0.0061959 -0.1803696 -0.9998131 0.0192715 0.0014566 5.2020612
0.0021742 0.0072074 0.9999716 1.7121125 0.0176230 0.9998184 -0.0072446 -0.1806516 -0.9998423 0.0176382 0.0020468 5.2020950
0.0008144 0.0080802 0.9999670 1.7751422 0.0149618 0.9998553 -0.0080915 -0.1830026 -0.9998877 0.0149679 0.0006934 5.2031755
-0.0009644 0.0080435 0.9999672 1.8166999 0.0127054 0.9998870 -0.0080306 -0.1845717 -0.9999188 0.0126973 -0.0010665 5.2036834
-0.0029137 0.0081984 0.9999622 1.8571459 0.0120215 0.9998944 -0.0081628 -0.1856483 -0.9999235 0.0119972 -0.0030120 5.2043104
-0.0051549 0.0085740 0.9999499 1.9082756 0.0116652 0.9998957 -0.0085134 -0.1872089 -0.9999186 0.0116207 -0.0052544 5.2044892
-0.0073365 0.0092177 0.9999305 1.9496044 0.0095716 0.9999123 -0.0091473 -0.1881613 -0.9999272 0.0095039 -0.0074241 5.2048140
-0.0094457 0.0086555 0.9999179 1.9963505 0.0078418 0.9999324 -0.0085815 -0.1893519 -0.9999247 0.0077601 -0.0095129 5.2052116
-0.0109660 0.0074376 0.9999122 2.0368552 0.0086794 0.9999354 -0.0073426 -0.1907001 -0.9999022 0.0085981 -0.0110299 5.2048578
-0.0139059 0.0062976 0.9998835 2.0699427 0.0074403 0.9999532 -0.0061946 -0.1926416 -0.9998756 0.0073533 -0.0139521 5.2052922
-0.0149979 0.0084431 0.9998518 2.1254718 0.0078874 0.9999343 -0.0083254 -0.1932992 -0.9998563 0.0077614 -0.0150635 5.2046413
-0.0161009 0.0083352 0.9998357 2.1655891 0.0077843 0.9999360 -0.0082107 -0.1945610 -0.9998401 0.0076508 -0.0161647 5.2045879
-0.0173678 0.0069416 0.9998251 2.2063184 0.0096594 0.9999304 -0.0067745 -0.1959402 -0.9998025 0.0095401 -0.0174336 5.2044063
-0.0177207 0.0064606 0.9998220 2.2511897 0.0105093 0.9999251 -0.0062750 -0.1971605 -0.9997876 0.0103963 -0.0177873 5.2031159
-0.0196531 0.0057390 0.9997904 2.2901185 0.0090419 0.9999437 -0.0055622 -0.1984003 -0.9997659 0.0089307 -0.0197039 5.2033014
-0.0208951 0.0052566 0.9997677 2.3291104 0.0072271 0.9999608 -0.0051066 -0.1993356 -0.9997554 0.0071187 -0.0209323 5.2031264
-0.0215292 0.0044703 0.9997582 2.3736238 0.0066160 0.9999688 -0.0043287 -0.2002771 -0.9997463 0.0065212 -0.0215581 5.2028117
-0.0225814 0.0038333 0.9997377 2.4109042 0.0065898 0.9999715 -0.0036854 -0.2016730 -0.9997233 0.0065048 -0.0226060 5.2026196
-0.0221157 0.0065171 0.9997342 2.4507070 0.0067324 0.9999570 -0.0063697 -0.2027306 -0.9997327 0.0065897 -0.0221586 5.2018476
-0.0223677 0.0097596 0.9997022 2.4872363 0.0073975 0.9999266 -0.0095963 -0.2035648 -0.9997224 0.0071807 -0.0224382 5.2015896
-0.0227478 0.0111036 0.9996795 2.5270686 0.0048131 0.9999279 -0.0109968 -0.2049910 -0.9997296 0.0045614 -0.0227996 5.2015424
-0.0230002 0.0118146 0.9996656 2.5648928 0.0054644 0.9999167 -0.0116918 -0.2062436 -0.9997205 0.0051936 -0.0230628 5.2013712
-0.0226049 0.0114307 0.9996792 2.6022594 0.0067187 0.9999138 -0.0112815 -0.2075387 -0.9997219 0.0064615 -0.0226798 5.2005258
-0.0231926 0.0103815 0.9996771 2.6372116 0.0064901 0.9999266 -0.0102335 -0.2089741 -0.9997100 0.0062506 -0.0232583 5.2002482
-0.0230495 0.0112302 0.9996712 2.6769674 0.0033620 0.9999321 -0.0111556 -0.2098475 -0.9997286 0.0031038 -0.0230857 5.1998172
-0.0234175 0.0113638 0.9996611 2.7125366 0.0007258 0.9999353 -0.0113500 -0.2112656 -0.9997255 0.0004597 -0.0234243 5.2000327
-0.0231674 0.0101721 0.9996798 2.7514820 0.0025515 0.9999456 -0.0101157 -0.2122975 -0.9997283 0.0023163 -0.0231921 5.1996994
-0.0245766 0.0098893 0.9996490 2.7864697 0.0033008 0.9999464 -0.0098111 -0.2131915 -0.9996926 0.0030586 -0.0246080 5.1994634
-0.0273799 0.0094692 0.9995803 2.8238058 -0.0001869 0.9999551 -0.0094779 -0.2141825 -0.9996251 -0.0004463 -0.0273769 5.1985431
-0.0324518 0.0087241 0.9994351 2.8579075 -0.0038380 0.9999534 -0.0088532 -0.2158309 -0.9994658 -0.0041231 -0.0324168 5.1977410
-0.0385161 0.0124976 0.9991799 2.8958898 -0.0005712 0.9999213 -0.0125289 -0.2167944 -0.9992579 -0.0010533 -0.0385059 5.1969337
-0.0447241 0.0154358 0.9988801 2.9291973 0.0022571 0.9998797 -0.0153502 -0.2176437 -0.9989969 0.0015681 -0.0447535 5.1956201
-0.0517823 0.0167008 0.9985188 2.9675038 0.0009641 0.9998605 -0.0166732 -0.2190754 -0.9986579 0.0000993 -0.0517912 5.1935787
-0.0582131 0.0160362 0.9981754 3.0020852 -0.0032996 0.9998624 -0.0162557 -0.2200720 -0.9982988 -0.0042399 -0.0581522 5.1922941
-0.0631952 0.0147024 0.9978929 3.0411491 -0.0028930 0.9998846 -0.0149150 -0.2215993 -0.9979970 -0.0038295 -0.0631454 5.1900868
-0.0679672 0.0160223 0.9975588 3.0762949 -0.0051490 0.9998521 -0.0164100 -0.2221753 -0.9976741 -0.0062518 -0.0678746 5.1884708
-0.0715481 0.0148245 0.9973269 3.1155133 -0.0077001 0.9998515 -0.0154145 -0.2237787 -0.9974074 -0.0087824 -0.0714234 5.1858120
-0.0742342 0.0121238 0.9971672 3.1521411 -0.0069977 0.9998952 -0.0126779 -0.2245157 -0.9972163 -0.0079190 -0.0741416 5.1836228
-0.0756710 0.0084157 0.9970973 3.1917832 -0.0050685 0.9999482 -0.0088244 -0.2261175 -0.9971198 -0.0057216 -0.0756245 5.1806464
-0.0776599 0.0059112 0.9969624 3.2295058 -0.0052098 0.9999664 -0.0063348 -0.2269328 -0.9969662 -0.0056860 -0.0776265 5.1785722
-0.0788958 0.0057984 0.9968659 3.2699850 -0.0059148 0.9999627 -0.0062846 -0.2279141 -0.9968653 -0.0063921 -0.0788586 5.1759567
-0.0793912 0.0096409 0.9967969 3.3071215 -0.0037232 0.9999434 -0.0099679 -0.2287947 -0.9968366 -0.0045026 -0.0793508 5.1733136
-0.0794479 0.0133035 0.9967502 3.3490279 0.0020854 0.9999110 -0.0131794 -0.2299779 -0.9968368 0.0010315 -0.0794686 5.1700768
-0.0797277 0.0182624 0.9966493 3.3869340 0.0094896 0.9998007 -0.0175610 -0.2309960 -0.9967715 0.0080577 -0.0798851 5.1667752
-0.0806746 0.0189072 0.9965612 3.4292748 0.0098553 0.9997863 -0.0181706 -0.2324077 -0.9966918 0.0083555 -0.0808437 5.1636758
-0.0813809 0.0168176 0.9965412 3.4679153 0.0075943 0.9998391 -0.0162531 -0.2337008 -0.9966542 0.0062453 -0.0814956 5.1613669
-0.0806895 0.0120797 0.9966661 3.5101249 0.0083007 0.9999000 -0.0114468 -0.2349541 -0.9967048 0.0073494 -0.0807817 5.1579714
-0.0811480 0.0095255 0.9966565 3.5487046 0.0098287 0.9999133 -0.0087564 -0.2363578 -0.9966536 0.0090852 -0.0812346 5.1553702
-0.0818130 0.0097287 0.9966002 3.5910206 0.0105719 0.9999046 -0.0088931 -0.2376441 -0.9965916 0.0098084 -0.0819080 5.1520672
-0.0836250 0.0105184 0.9964417 3.6291354 0.0087708 0.9999133 -0.0098190 -0.2387130 -0.9964586 0.0079184 -0.0837100 5.1496291
-0.0856208 0.0113120 0.9962635 3.6708853 0.0086687 0.9999062 -0.0106083 -0.2400818 -0.9962900 0.0077280 -0.0857108 5.1464758
-0.0877620 0.0107576 0.9960834 3.7090209 0.0092134 0.9999077 -0.0099871 -0.2414905 -0.9960989 0.0083008 -0.0878530 5.1435881
-0.0898430 0.0115395 0.9958890 3.7510018 0.0096812 0.9998958 -0.0107125 -0.2422437 -0.9959088 0.0086789 -0.0899454 5.1401739
-0.0926354 0.0110572 0.9956387 3.7906497 0.0090991 0.9999060 -0.0102580 -0.2436083 -0.9956585 0.0081091 -0.0927273 5.1379428
-0.0934489 0.0114300 0.9955584 3.8308601 0.0066574 0.9999189 -0.0108552 -0.2449445 -0.9956017 0.0056134 -0.0935174 5.1336217
-0.0947877 0.0131043 0.9954113 3.8698850 0.0076413 0.9998935 -0.0124356 -0.2461804 -0.9954682 0.0064275 -0.0948777 5.1308265
-0.0948779 0.0133451 0.9953995 3.9100990 0.0054724 0.9999020 -0.0128838 -0.2471192 -0.9954739 0.0042249 -0.0949416 5.1264424
-0.0963529 0.0140249 0.9952485 3.9494712 0.0051018 0.9998946 -0.0135965 -0.2478326 -0.9953342 0.0037675 -0.0964143 5.1234922
-0.0968438 0.0125486 0.9952205 3.9895787 0.0062025 0.9999087 -0.0120042 -0.2493354 -0.9952803 0.0050103 -0.0969127 5.1192460
-0.0981331 0.0101933 0.9951211 4.0309215 0.0041371 0.9999431 -0.0098347 -0.2504408 -0.9951647 0.0031518 -0.0981697 5.1167307
-0.1001122 0.0083433 0.9949412 4.0712056 0.0013808 0.9999651 -0.0082465 -0.2513362 -0.9949753 0.0005483 -0.1001203 5.1137600
-0.1021124 0.0076625 0.9947433 4.1130691 0.0027742 0.9999686 -0.0074179 -0.2525817 -0.9947690 0.0020022 -0.1021305 5.1095762
-0.1039812 0.0082119 0.9945453 4.1534643 0.0038524 0.9999617 -0.0078538 -0.2536309 -0.9945717 0.0030147 -0.1040088 5.1059132
-0.1063369 0.0092826 0.9942868 4.1940751 0.0030087 0.9999548 -0.0090137 -0.2548857 -0.9943255 0.0020330 -0.1063601 5.1020250
-0.1075752 0.0128967 0.9941133 4.2387619 0.0044210 0.9999122 -0.0124935 -0.2560098 -0.9941871 0.0030510 -0.1076228 5.0973520
-0.1079283 0.0168776 0.9940155 4.2799120 0.0069289 0.9998444 -0.0162242 -0.2569308 -0.9941346 0.0051364 -0.1080285 5.0933681
-0.1099028 0.0203236 0.9937346 4.3214459 0.0073576 0.9997802 -0.0196335 -0.2587182 -0.9939152 0.0051538 -0.1100281 5.0895686
-0.1086263 0.0214280 0.9938516 4.3664460 0.0093602 0.9997454 -0.0205320 -0.2600586 -0.9940385 0.0070724 -0.1087992 5.0841379
-0.1077336 0.0200805 0.9939770 4.4085722 0.0123297 0.9997461 -0.0188607 -0.2617862 -0.9941033 0.0102235 -0.1079538 5.0793900
-0.1079813 0.0186953 0.9939771 4.4533806 0.0132946 0.9997609 -0.0173598 -0.2632309 -0.9940640 0.0113400 -0.1082041 5.0752745
-0.1066770 0.0175715 0.9941384 4.4966712 0.0130707 0.9997822 -0.0162687 -0.2644365 -0.9942078 0.0112586 -0.1068835 5.0707731
-0.1054613 0.0146201 0.9943158 4.5420361 0.0118291 0.9998396 -0.0134467 -0.2663022 -0.9943529 0.0103437 -0.1056174 5.0670042
-0.1036535 0.0116334 0.9945453 4.5853395 0.0124333 0.9998686 -0.0103998 -0.2674060 -0.9945357 0.0112875 -0.1037845 5.0629997
-0.1019760 0.0081181 0.9947537 4.6308842 0.0125570 0.9998975 -0.0068728 -0.2688134 -0.9947075 0.0117903 -0.1020675 5.0584350
-0.1006686 0.0086113 0.9948826 4.6749549 0.0114769 0.9999061 -0.0074935 -0.2698239 -0.9948537 0.0106638 -0.1007579 5.0549154
-0.0988080 0.0123278 0.9950301 4.7195520 0.0123238 0.9998617 -0.0111639 -0.2714750 -0.9950302 0.0111595 -0.0989463 5.0506072
-0.0973263 0.0186242 0.9950783 4.7634234 0.0128802 0.9997647 -0.0174522 -0.2728582 -0.9951692 0.0111182 -0.0975433 5.0471606
-0.0953431 0.0217517 0.9952069 4.8081608 0.0106487 0.9997263 -0.0208303 -0.2744717 -0.9953876 0.0086116 -0.0955487 5.0429754
-0.0937307 0.0198501 0.9953997 4.8510275 0.0097703 0.9997714 -0.0190173 -0.2757088 -0.9955497 0.0079429 -0.0939032 5.0395026
-0.0925930 0.0167776 0.9955627 4.8970733 0.0106419 0.9998176 -0.0158596 -0.2777233 -0.9956472 0.0091262 -0.0927547 5.0356011
-0.0924221 0.0153866 0.9956010 4.9425092 0.0100899 0.9998437 -0.0145156 -0.2788704 -0.9956688 0.0087040 -0.0925629 5.0322771
-0.0920225 0.0149096 0.9956452 4.9872966 0.0090351 0.9998592 -0.0141377 -0.2805749 -0.9957159 0.0076948 -0.0921443 5.0290928
-0.0916790 0.0152703 0.9956715 5.0317702 0.0090755 0.9998537 -0.0144988 -0.2816936 -0.9957473 0.0077070 -0.0918042 5.0259042
-0.0903858 0.0133048 0.9958180 5.0756903 0.0115069 0.9998580 -0.0123143 -0.2832279 -0.9958404 0.0103458 -0.0905261 5.0211806
-0.0890905 0.0120547 0.9959505 5.1201229 0.0136102 0.9998481 -0.0108844 -0.2850164 -0.9959304 0.0125854 -0.0892410 5.0173616
-0.0884122 0.0136155 0.9959908 5.1630878 0.0158377 0.9997994 -0.0122617 -0.2861588 -0.9959580 0.0146902 -0.0886101 5.0135498
-0.0876068 0.0160004 0.9960265 5.2072778 0.0171531 0.9997470 -0.0145514 -0.2875420 -0.9960074 0.0158101 -0.0878591 5.0101175
-0.0870002 0.0175483 0.9960537 5.2516437 0.0137622 0.9997706 -0.0164117 -0.2888978 -0.9961132 0.0122801 -0.0872218 5.0073566
-0.0867453 0.0131371 0.9961439 5.2946877 0.0082702 0.9998881 -0.0124663 -0.2903756 -0.9961962 0.0071569 -0.0868442 5.0044875
-0.0863151 0.0114520 0.9962020 5.3371549 0.0041527 0.9999294 -0.0111350 -0.2920399 -0.9962592 0.0031758 -0.0863566 5.0006924
-0.0876363 0.0118487 0.9960821 5.3796587 0.0004112 0.9999296 -0.0118583 -0.2935338 -0.9961525 -0.0006296 -0.0876350 4.9978027
-0.0890460 0.0169179 0.9958839 5.4227748 -0.0026582 0.9998481 -0.0172229 -0.2945751 -0.9960240 -0.0041809 -0.0889875 4.9949751
-0.0899716 0.0194238 0.9957548 5.4649916 -0.0033673 0.9997982 -0.0198069 -0.2960077 -0.9959385 -0.0051351 -0.0898880 4.9919372
-0.0897115 0.0195454 0.9957759 5.5071235 -0.0024616 0.9998000 -0.0198462 -0.2979326 -0.9959647 -0.0042317 -0.0896454 4.9879026
-0.0901180 0.0187683 0.9957542 5.5495625 -0.0010561 0.9998201 -0.0189405 -0.2998247 -0.9959306 -0.0027585 -0.0900819 4.9842892
-0.0904992 0.0195230 0.9957051 5.5911427 0.0000013 0.9998078 -0.0196033 -0.3015223 -0.9958965 -0.0017727 -0.0904818 4.9806995
-0.0910593 0.0226081 0.9955887 5.6329541 0.0017525 0.9997444 -0.0225421 -0.3031781 -0.9958438 -0.0003079 -0.0910757 4.9774661
-0.0915302 0.0234077 0.9955271 5.6740608 0.0017384 0.9997259 -0.0233466 -0.3051654 -0.9958007 -0.0004063 -0.0915458 4.9739799
-0.0931295 0.0241384 0.9953613 5.7151499 -0.0007593 0.9997041 -0.0243148 -0.3068226 -0.9956537 -0.0030202 -0.0930836 4.9711576
-0.0953431 0.0232170 0.9951736 5.7560897 -0.0022846 0.9997202 -0.0235419 -0.3084296 -0.9954418 -0.0045181 -0.0952634 4.9678340
-0.0981452 0.0238827 0.9948855 5.7964587 -0.0028177 0.9997013 -0.0242763 -0.3107408 -0.9951681 -0.0051859 -0.0980486 4.9643087
-0.1013993 0.0271292 0.9944757 5.8368225 -0.0028438 0.9996161 -0.0275594 -0.3121445 -0.9948416 -0.0056226 -0.1012833 4.9607048
-0.1043937 0.0283369 0.9941323 5.8765626 -0.0043395 0.9995715 -0.0289476 -0.3140876 -0.9945266 -0.0073360 -0.1042260 4.9570241
-0.1076177 0.0281292 0.9937944 5.9159212 -0.0042607 0.9995774 -0.0287543 -0.3162227 -0.9941833 -0.0073287 -0.1074524 4.9530401
-0.1104744 0.0268814 0.9935154 5.9556813 -0.0028512 0.9996215 -0.0273636 -0.3179619 -0.9938750 -0.0058557 -0.1103559 4.9493799
-0.1132263 0.0281353 0.9931708 5.9954939 -0.0013750 0.9995936 -0.0284740 -0.3196763 -0.9935683 -0.0045896 -0.1131416 4.9454746
-0.1150163 0.0319965 0.9928482 6.0339937 -0.0059435 0.9994410 -0.0328975 -0.3220096 -0.9933459 -0.0096848 -0.1147619 4.9414916
-0.1169595 0.0387918 0.9923789 6.0730600 -0.0082287 0.9991647 -0.0400269 -0.3242074 -0.9931027 -0.0128475 -0.1165426 4.9378748
-0.1189528 0.0417745 0.9920207 6.1114240 -0.0038441 0.9990877 -0.0425330 -0.3261930 -0.9928924 -0.0088729 -0.1186837 4.9329762
-0.1219085 0.0404054 0.9917186 6.1507344 -0.0015955 0.9991618 -0.0409048 -0.3281738 -0.9925401 -0.0065689 -0.1217418 4.9286466
-0.1251245 0.0326350 0.9916041 6.1897817 -0.0033517 0.9994392 -0.0333158 -0.3304970 -0.9921353 -0.0074922 -0.1249449 4.9240694
-0.1273604 0.0300540 0.9914010 6.2279081 -0.0045919 0.9995123 -0.0308898 -0.3330450 -0.9918458 -0.0084865 -0.1271603 4.9198160
-0.1289376 0.0332440 0.9910953 6.2658305 -0.0050424 0.9994030 -0.0341787 -0.3348023 -0.9916399 -0.0094044 -0.1286930 4.9152699
-0.1318078 0.0365837 0.9906001 6.3041625 -0.0078001 0.9992495 -0.0379410 -0.3368340 -0.9912447 -0.0127277 -0.1314236 4.9108381
-0.1342457 0.0389983 0.9901804 6.3424354 -0.0081464 0.9991481 -0.0404560 -0.3391435 -0.9909145 -0.0134974 -0.1338137 4.9062061
-0.1359134 0.0432226 0.9897775 6.3791103 -0.0041476 0.9990143 -0.0441955 -0.3414043 -0.9907121 -0.0101119 -0.1356002 4.9011841
-0.1381126 0.0478888 0.9892582 6.4171739 -0.0041439 0.9987937 -0.0489289 -0.3434663 -0.9904079 -0.0108571 -0.1377475 4.8965750
-0.1406591 0.0499360 0.9887980 6.4529929 -0.0045461 0.9986841 -0.0510820 -0.3458838 -0.9900477 -0.0116803 -0.1402470 4.8916426
-0.1427273 0.0477020 0.9886118 6.4910374 -0.0037981 0.9988042 -0.0487422 -0.3482999 -0.9897547 -0.0107116 -0.1423754 4.8864923
-0.1468552 0.0439540 0.9881809 6.5271902 0.0004112 0.9990149 -0.0443748 -0.3506819 -0.9891579 -0.0061103 -0.1467286 4.8813324
-0.1528181 0.0429775 0.9873194 6.5649600 0.0031635 0.9990701 -0.0429993 -0.3527506 -0.9882493 -0.0034477 -0.1528119 4.8760853
-0.1584956 0.0408422 0.9865145 6.6003013 0.0015907 0.9991534 -0.0411099 -0.3556355 -0.9873583 -0.0049465 -0.1584263 4.8705492
-0.1668719 0.0414435 0.9851072 6.6370955 0.0004584 0.9991194 -0.0419554 -0.3577048 -0.9859785 -0.0065496 -0.1667439 4.8645210
-0.1772885 0.0414635 0.9832850 6.6724210 -0.0006094 0.9991073 -0.0422405 -0.3602985 -0.9841586 -0.0080880 -0.1771049 4.8586740
-0.1890277 0.0430621 0.9810271 6.7094522 -0.0002120 0.9990362 -0.0438935 -0.3621566 -0.9819717 -0.0085050 -0.1888364 4.8520808
-0.2010052 0.0431547 0.9786392 6.7433887 0.0008887 0.9990368 -0.0438716 -0.3647875 -0.9795898 -0.0079487 -0.2008499 4.8444242
-0.2128682 0.0433577 0.9761184 6.7795000 0.0037834 0.9990441 -0.0435509 -0.3667745 -0.9770736 -0.0055775 -0.2128288 4.8369174
-0.2231650 0.0429993 0.9738318 6.8139319 0.0067298 0.9990708 -0.0425715 -0.3692493 -0.9747574 -0.0029467 -0.2232470 4.8282866
-0.2332183 0.0426852 0.9714871 6.8500094 0.0111538 0.9990878 -0.0412203 -0.3715951 -0.9723604 0.0012225 -0.2334816 4.8195167
-0.2408548 0.0436167 0.9695805 6.8830590 0.0166488 0.9990284 -0.0408056 -0.3733068 -0.9704183 0.0063141 -0.2413469 4.8103886
-0.2480626 0.0430891 0.9677854 6.9192305 0.0218805 0.9990047 -0.0388707 -0.3759937 -0.9684970 0.0115333 -0.2487585 4.8005590
-0.2537229 0.0435970 0.9662939 6.9517241 0.0220672 0.9989846 -0.0392777 -0.3776090 -0.9670251 0.0113578 -0.2544273 4.7920694
-0.2594929 0.0415267 0.9648517 6.9864688 0.0262610 0.9990091 -0.0359340 -0.3795515 -0.9653878 0.0160133 -0.2603263 4.7832375
-0.2598687 0.0385455 0.9648744 7.0194478 0.0323603 0.9989894 -0.0311928 -0.3813301 -0.9651016 0.0231176 -0.2608534 4.7732224
-0.2604324 0.0368808 0.9647874 7.0546150 0.0388399 0.9988615 -0.0276990 -0.3832252 -0.9647105 0.0302586 -0.2615683 4.7632470
-0.2595716 0.0352901 0.9650789 7.0862951 0.0420469 0.9987974 -0.0252140 -0.3850242 -0.9648081 0.0340337 -0.2607433 4.7535982
